1601309939 267119424 267119424 0
1601309940 352953216 352953216 0
1601309941 423650724 423650724 0
1601309942 464942267 464942267 0
1601309943 475795312 475795312 0
1601309944 484126120 484126120 0
1601309945 518261634 518261634 0
1601309946 542619306 542619306 0
1601309947 563563543 563563543 0
1601309948 564656429 564656429 0
1601309949 565283032 565283032 0
1601309950 565545912 565545912 0
1601309951 566797513 566797513 0
1601309952 567624026 567624026 0
1601309953 567613755 567613755 0
1601309954 567613755 567613755 0
1601309956 567613755 567613755 0
1601309960 567613755 567613755 0
1601309962 567613755 567613755 0
1601309965 567613755 567613755 0
1601309966 567613755 567613755 0
1601309967 566829722 566829722 0
1601309968 567709500 567709500 0
1601309969 568105242 568105242 0
1601309970 568448767 568448767 0
1601309971 568666767 568666767 0
1601309972 568771295 568771295 0
1601309973 568806439 568806439 0
1601309974 490007661 490007661 0
1601309975 490024700 490024700 0
1601309976 490024029 490024029 0
1601309977 490035516 490035516 0
1601309978 490041722 490041722 0
1601309979 490051131 490051131 0
1601309980 341651505 341651505 0
1601309981 337112830 337112830 0
1601309982 344872659 344872659 0
1601309983 203970720 203970720 0
1601309984 188727533 188727533 0
1601309985 195799860 195799860 0
1601309986 202618514 202618514 0
1601309987 194114507 194114507 0
1601309988 193766406 193766406 0
1601309989 186947639 186947639 0
1601309990 186109908 186109908 0
1601309991 179303167 179303167 0
1601309992 187055807 187055807 0
1601309993 193781810 193781810 0
1601309994 189253240 189253240 0
1601309995 197281108 197281108 0
1601309996 200734860 200734860 0
1601309997 205555783 205555783 0
1601309998 208710647 208710647 0
1601309999 193980859 193980859 0
1601310000 200892054 200892054 0
1601310001 217393933 217393933 0
1601310002 208754158 208754158 0
1601310003 216672527 216672527 0
1601310004 212699298 212699298 0
1601310005 184298785 184298785 0
1601310006 181053332 181053332 0
1601310007 186596479 186596479 0
1601310008 188204236 188204236 0
1601310009 180608340 180608340 0
1601310010 197252940 197252940 0
1601310011 195655610 195655610 0
1601310012 183229590 183229590 0
1601310013 187218534 187218534 0
1601310014 197572285 197572285 0
1601310015 199863166 199863166 0
1601310016 206823935 206823935 0
1601310017 223124965 223124965 0
1601310018 218552470 218552470 0
1601310019 223809076 223809076 0
1601310020 227074988 227074988 0
1601310021 220518208 220518208 0
1601310022 209404275 209404275 0
1601310023 211914271 211914271 0
1601310024 219048210 219048210 0
1601310025 214147710 214147710 0
1601310026 202129842 202129842 0
1601310027 203419921 203419921 0
1601310028 203835235 203835235 0
1601310029 201868629 201868629 0
1601310030 202250688 202250688 0
1601310031 187783680 187783680 0
1601310032 189076620 189076620 0
1601310033 187921633 187921633 0
1601310034 188832711 188832711 0
1601310035 188038660 188038660 0
1601310036 196053314 196053314 0
1601310037 195997300 195997300 0
1601310038 202082489 202082489 0
1601310039 205323771 205323771 0
1601310040 198155683 198155683 0
1601310041 191032341 191032341 0
1601310042 197412339 197412339 0
1601310043 206787507 206787507 0
1601310044 214637409 214637409 0
1601310045 212508769 212508769 0
1601310046 209855597 209855597 0
1601310047 203307150 203307150 0
1601310048 215253781 215253781 0
1601310049 206139084 206139084 0
1601310050 195362196 195362196 0
1601310051 192422681 192422681 0
1601310052 195782453 195782453 0
1601310053 197225849 197225849 0
1601310054 199014101 199014101 0
1601310055 200000345 200000345 0
1601310056 200646082 200646082 0
1601310057 192649307 192649307 0
1601310058 201178653 201178653 0
1601310059 188442295 188442295 0
1601310060 198985543 198985543 0
1601310061 206174635 206174635 0
1601310062 208091008 208091008 0
1601310063 202411776 202411776 0
1601310064 197039974 197039974 0
1601310065 196404707 196404707 0
1601310066 194777493 194777493 0
1601310067 203545510 203545510 0
1601310068 201228464 201228464 0
1601310069 197868560 197868560 0
1601310070 193978646 193978646 0
1601310071 203629683 203629683 0
1601310072 194176095 194176095 0
1601310073 197510994 197510994 0
1601310074 193447076 193447076 0
1601310075 191345186 191345186 0
1601310076 203400020 203400020 0
1601310077 207728076 207728076 0
1601310078 195720391 195720391 0
1601310079 193045636 193045636 0
1601310080 192076572 192076572 0
1601310081 201255338 201255338 0
1601310082 217067123 217067123 0
1601310083 221138923 221138923 0
1601310084 230314970 230314970 0
1601310085 211247286 211247286 0
1601310086 200719904 200719904 0
1601310087 206042285 206042285 0
1601310088 201324583 201324583 0
1601310089 205355851 205355851 0
1601310090 189422265 189422265 0
1601310091 190387580 190387580 0
1601310092 189702730 189702730 0
1601310093 207875487 207875487 0
1601310094 212745004 212745004 0
1601310095 206048666 206048666 0
1601310096 207348649 207348649 0
1601310097 207786341 207786341 0
1601310098 191632534 191632534 0
1601310099 199582720 199582720 0
1601310100 208216973 208216973 0
1601310101 214924116 214924116 0
1601310102 215442751 215442751 0
1601310103 216249407 216249407 0
1601310104 210631065 210631065 0
1601310105 211582402 211582402 0
1601310106 203609127 203609127 0
1601310107 198666532 198666532 0
1601310108 198942281 198942281 0
1601310109 196302418 196302418 0
1601310110 194589489 194589489 0
1601310111 189083357 189083357 0
1601310112 199520542 199520542 0
1601310113 205471967 205471967 0
1601310114 199089823 199089823 0
1601310115 193944633 193944633 0
1601310116 201281199 201281199 0
1601310117 209653084 209653084 0
1601310118 193361066 193361066 0
1601310119 200351334 200351334 0
1601310120 203599933 203599933 0
1601310121 202148772 202148772 0
1601310122 206870460 206870460 0
1601310123 199991844 199991844 0
1601310124 207182882 207182882 0
1601310125 205109985 205109985 0
1601310126 190062010 190062010 0
1601310127 187390537 187390537 0
1601310128 202775967 202775967 0
1601310129 212273106 212273106 0
1601310130 205937828 205937828 0
1601310131 202197526 202197526 0
1601310132 205772749 205772749 0
1601310133 198027809 198027809 0
1601310134 206859399 206859399 0
1601310135 212785207 212785207 0
1601310136 209464122 209464122 0
1601310137 219993635 219993635 0
1601310138 205832430 205832430 0
1601310139 207995791 207995791 0
1601310140 195096661 195096661 0
1601310141 191431424 191431424 0
1601310142 181407974 181407974 0
1601310143 183325079 183325079 0
1601310144 192311937 192311937 0
1601310145 182781504 182781504 0
1601310146 178310361 178310361 0
1601310147 176129295 176129295 0
1601310148 130402761 130402761 0
1601310149 130402761 130402761 0
1601310150 130402761 130402761 0
1601310152 130402761 130402761 0
1601310153 130402761 130402761 0
1601310154 130402761 130402761 0
1601310156 130402761 130402761 0
1601310157 130402761 130402761 0
1601310160 130402761 130402761 0
1601310161 130402761 130402761 0
1601310162 130402761 130402761 0
1601310163 130402761 130402761 0
1601310164 130402761 130402761 0
1601310166 130402761 130402761 0
1601310170 130402761 130402761 0
1601310172 130402761 130402761 0
1601310175 130402761 130402761 0
1601310176 130402761 130402761 0
1601310179 0 0 0

Interrupted!

