1601304552 0 0 0
1601304554 0 0 0
1601304556 0 0 0
1601304559 0 0 0
1601304561 0 0 0
1601304563 0 0 0
1601304565 0 0 0
1601304566 0 0 0
1601304570 0 0 0
1601304571 0 0 0
1601304572 0 0 0
1601304574 0 0 0
1601304575 0 485760 0
1601304576 15422880 18944640 0
1601304577 20794336 25044736 0
1601304578 24677843 28504806 0
1601304579 27114814 26311843 0
1601304580 29905880 28347810 0
1601304581 29611483 31154017 0
1601304582 29473706 31117101 0
1601304583 29272358 30921128 0
1601304584 30492246 28811928 0
1601304585 31090266 33110644 0
1601304586 30661097 31222406 0
1601304587 31036133 34636176 0
1601304588 31239152 32283453 0
1601304589 31974544 32388439 0
1601304590 30015075 29658497 0
1601304591 29132949 29599066 0
1601304592 29584908 27853532 0
1601304593 30854650 27348164 0
1601304594 30529443 29047324 0
1601304595 30323553 28745552 0
1601304596 30260410 27272368 0
1601304597 31037861 31283773 0
1601304598 31037914 31283860 0
1601304599 31037939 31283721 0
1601304600 31037917 31283805 0
1601304601 31037908 31283834 0
1601304602 31037909 31283867 0
1601304603 31037915 31283884 0
1601304604 31037893 31283806 0
1601304605 31037910 31283864 0
1601304606 44639190 45856650 0
1601304607 52086493 52284177 0
1601304608 55624383 57578780 0
1601304609 58769263 61769626 0
1601304610 59303224 61194729 0
1601304611 60751058 62644929 0
1601304612 60825212 61535323 0
1601304613 62073327 60636307 0
1601304614 61491217 60319279 0
1601304615 61102027 61897381 0
1601304616 60821007 60830995 0
1601304617 60680504 59535139 0
1601304618 60977179 58562009 0
1601304619 62086797 60688513 0
1601304620 60927180 64383602 0
1601304621 60843463 64996526 0
1601304622 61558606 61926133 0
1601304623 59812547 61602563 0
1601304624 60533088 57719729 0
1601304625 61801971 56568000 0
1601304626 62417760 58285403 0
1601304627 63671274 60707213 0
1601304628 62226525 60518136 0
1601304629 61487096 62610477 0
1601304630 60061639 62687464 0
1601304631 59890157 63462827 0
1601304632 61356732 62930667 0
1601304633 61227691 65082380 0
1601304634 61992626 63139656 0
1601304635 60874446 61096264 0
1601304636 75538060 71858780 0
1601304637 86594592 87443095 0
1601304638 86739434 88831284 0
1601304639 87526027 87956089 0
1601304640 88645055 84831920 0
1601304641 92884687 91175251 0
1601304642 92796647 88642358 0
1601304643 92202404 92215874 0
1601304644 90942392 90855048 0
1601304645 90350166 92831680 0
1601304646 92276791 90920969 0
1601304647 91437563 89776747 0
1601304648 91333808 82592844 0
1601304649 91741507 84432224 0
1601304650 90914305 88587309 0
1601304651 90296320 91539072 0
1601304652 91104627 92270604 0
1601304653 91686353 95537697 0
1601304654 92577277 97135507 0
1601304655 91318141 94588939 0
1601304656 91697880 97410425 0
1601304657 92109262 94223713 0
1601304658 89768224 94516461 0
1601304659 88915270 88739840 0
1601304660 89310633 86957581 0
1601304661 90268875 86607149 0
1601304662 92184518 89910811 0
1601304663 89963779 90164752 0
1601304664 91028417 84969442 0
1601304665 91323008 79864954 0
1601304666 98631955 93068265 0
1601304667 97757182 96925489 0
1601304668 97524824 99046570 0
1601304669 99094313 98804619 0
1601304670 101122554 101320634 0
1601304671 96706353 99506209 0
1601304672 96359991 97427846 0
1601304673 98114644 98017002 0
1601304674 97506136 101362775 0
1601304675 96091789 100795713 0
1601304676 98711509 94723508 0
1601304677 97164760 94752529 0
1601304678 94672564 95527727 0
1601304679 93089809 93768066 0
1601304680 93888892 97841894 0
1601304681 95815907 98372299 0
1601304682 98351675 100633580 0
1601304683 98231266 99406105 0
1601304684 97420666 98708481 0
1601304685 95807343 96784051 0
1601304686 97598465 94677304 0
1601304687 98265101 94345914 0
1601304688 96090554 94700847 0
1601304689 95912789 95846466 0
1601304690 98228895 96271527 0
1601304691 97411001 98994224 0
1601304692 97075707 99656322 0
1601304693 97729468 100383898 0
1601304694 94818557 98683099 0
1601304695 95869987 97526609 0
1601304696 95131003 96764705 0
1601304697 97495305 95510919 0
1601304698 96203345 98285265 0
1601304699 96574563 99162940 0
1601304700 97088749 100670781 0
1601304701 97222388 99923901 0
1601304702 97224850 99262039 0
1601304703 96905725 99982170 0
1601304704 97112574 97548265 0
1601304705 98315070 94960957 0
1601304706 98405079 96225982 0
1601304707 99255732 98315979 0
1601304708 95860613 96976018 0
1601304709 96971266 98542551 0
1601304710 95597466 99822504 0
1601304711 95443535 97588476 0
1601304712 97080481 98181386 0
1601304713 98664992 98624569 0
1601304714 97177184 97481774 0
1601304715 96614814 102129742 0
1601304716 95568185 99818043 0
1601304717 96659796 98120136 0
1601304718 97470207 97907755 0
1601304719 96343729 95992729 0
1601304720 96431664 94212226 0
1601304721 97526159 93464525 0
1601304722 98542319 95133817 0
1601304723 97344987 95785647 0
1601304724 96859753 97517443 0
1601304725 95006401 96800883 0
1601304726 93029736 94991388 0
1601304727 92824972 94401168 0
1601304728 95519522 100225902 0
1601304729 95251504 98911719 0
1601304730 96664556 98307798 0
1601304731 99037672 96420159 0
1601304732 96915494 98085554 0
1601304733 96438834 99823145 0
1601304734 100408095 100700542 0
1601304735 97718318 102664829 0
1601304736 94015684 98393175 0
1601304737 87548560 92944767 0
1601304738 89322532 93552088 0
1601304739 91679038 94926860 0
1601304740 96250381 97354731 0
1601304741 95806601 96674111 0
1601304742 91100487 95352510 0
1601304743 93173279 92470781 0
1601304744 91113789 91412094 0
1601304745 88770562 91680395 0
1601304746 89637983 90160648 0
1601304747 90673342 93144595 0
1601304748 90595069 90495121 0
1601304749 91840229 93345285 0
1601304750 92927368 92820897 0
1601304751 98315919 95721877 0
1601304752 97141142 95001803 0
1601304753 97670106 94560045 0
1601304754 95694695 95033345 0
1601304755 96063881 96988339 0
1601304756 95401311 95868548 0
1601304757 99358063 101638613 0
1601304758 103879174 105071507 0
1601304759 106912442 110395551 0
1601304760 110238258 109062694 0
1601304761 108930580 110720925 0
1601304762 111896040 113853206 0
1601304763 110576169 111661907 0
1601304764 108958452 111862699 0
1601304765 110795516 112400928 0
1601304766 113102440 111392884 0
1601304767 110289626 108689574 0
1601304768 111118175 110273602 0
1601304769 111819325 107872276 0
1601304770 112657767 110152402 0
1601304771 112121306 112462852 0
1601304772 110614176 110419658 0
1601304773 111652937 110825894 0
1601304774 110682901 110564444 0
1601304775 109731703 108853144 0
1601304776 110074212 108982471 0
1601304777 112572504 112810135 0
1601304778 110136824 112211604 0
1601304779 111395672 108267576 0
1601304780 112286994 108359107 0
1601304781 110966184 106616711 0
1601304782 113117403 107028555 0
1601304783 111746169 107946010 0
1601304784 113517388 109001673 0
1601304785 113453157 110538584 0
1601304786 98084175 99788285 0
1601304787 113929464 118874471 0
1601304788 122474833 123680986 0
1601304789 127126010 128896543 0
1601304790 128119403 133055688 0
1601304791 128890314 134395067 0
1601304792 131082165 133867711 0
1601304793 132076674 137204213 0
1601304794 132372209 135426901 0
1601304795 134307980 133107254 0
1601304796 95705130 133451766 0
