1600710827 193303580389
1600710828 193303580389
1600710829 193303580389
1600710830 193303580389
1600710831 193303580389
1600710832 193303580389
1600710833 193303580389
1600710834 193303580389
1600710835 193303580389
1600710836 193303580389
1600710837 193303580389
1600710838 193303580389
1600710839 193303580389
1600710840 193303580389
1600710841 193303580389
1600710842 193303580389
1600710843 193314244958
1600710844 193340565564
1600710845 193366604642
1600710846 193392780798
1600710847 193418958336
1600710848 193444997348
1600710849 193471173504
1600710850 193497349594
1600710851 193523388540
1600710852 193549564564
1600710853 193575740654
1600710854 193601916744
1600710855 193628092768
1600710856 193654131780
1600710857 193680309384
1600710858 193706348396
1600710859 193732524420
1600710860 193758700510
1600710861 193784876666
1600710862 193811052690
1600710863 193837094730
1600710864 193863270886
1600710865 193889446976
1600710866 193915485922
1600710867 193941661946
1600710868 193967838102
1600710869 193994015706
1600710870 194020191730
1600710871 194046230742
1600710872 194072406832
1600710873 194107362397
1600710874 194160325461
1600710875 194212963025
1600710876 194265017719
1600710877 194317543313
1600710878 194369781125
1600710879 194422215879
1600710880 194474652091
1600710881 194526778563
1600710882 194578817345
1600710883 194631072639
1600710884 194683520201
1600710885 194735952623
1600710886 194788531903
1600710887 194840715333
1600710888 194892567085
1600710889 194944899517
1600710890 194997260781
1600710891 195049236747
1600710892 195102061351
1600710893 195154168959
1600710894 195206468149
1600710895 195258543277
1600710896 195310978661
1600710897 195363405027
1600710898 195415650475
1600710899 195468263947
1600710900 195520378307
1600710901 195572547293
1600710902 195624748769
1600710903 195687705770
1600710904 195766289616
1600710905 195844329840
1600710906 195921855978
1600710907 196001168188
1600710908 196079584272
1600710909 196158159934
1600710910 196236438978
1600710911 196314881502
1600710912 196392653154
1600710913 196470464250
1600710914 196549041532
1600710915 196627317650
1600710916 196705867812
1600710917 196784538200
1600710918 196863868118
1600710919 196942625160
1600710920 197020782336
1600710921 197099646018
1600710922 197176919630
1600710923 197255940142
1600710924 197334522022
1600710925 197413226714
1600710926 197490729428
1600710927 197569765818
1600710928 197647891672
1600710929 197727163052
1600710930 197804511672
1600710931 197883468460
1600710932 197961581518
1600710933 198048977199
1600710934 198152989141
1600710935 198257595535
1600710936 198362331013
1600710937 198467722993
1600710938 198571860695
1600710939 198676191991
1600710940 198780421727
1600710941 198885456403
1600710942 198989743097
1600710943 199094246989
1600710944 199198953635
1600710945 199303332683
1600710946 199408447535
1600710947 199512673679
1600710948 199617222503
1600710949 199721233019
1600710950 199826192537
1600710951 199930435955
1600710952 200034811091
1600710953 200140467539
1600710954 200244424811
1600710955 200349009641
1600710956 200453584691
1600710957 200558060569
1600710958 200662314595
1600710959 200767939149
1600710960 200871566885
1600710961 200976384993
1600710962 201081130685
1600710963 201185725351
1600710964 201290095435
1600710965 201394845029
1600710966 201499227679
1600710967 201603863289
1600710968 201708487737
1600710969 201812901167
1600710970 201917333395
1600710971 202021664379
1600710972 202126995349
1600710973 202231263507
1600710974 202336285433
1600710975 202440616795
1600710976 202545114001
1600710977 202649254477
1600710978 202753747891
1600710979 202858863873
1600710980 202963374705
1600710981 203067697557
1600710982 203172224911
1600710983 203276692089
1600710984 203381398923
1600710985 203486129409
1600710986 203590512933
1600710987 203695191819
1600710988 203799556055
1600710989 203904410745
1600710990 204008562127
1600710991 204113923443
1600710992 204217984813
1600710993 204322192393
1600710994 204427403691
1600710995 204532221865
1600710996 204636336921
1600710997 204740585945
1600710998 204845446445
1600710999 204949883025
1600711000 205054676731
1600711001 205158943545
1600711002 205262897213
1600711003 205367742149
1600711004 205472391439
1600711005 205576721983
1600711006 205681155539
