1600710827 36766217623
1600710828 36766217623
1600710829 36766217623
1600710830 36766217623
1600710831 36766217623
1600710832 36766217623
1600710833 36766217623
1600710834 36766217623
1600710835 36766217623
1600710836 36766217623
1600710837 36766217623
1600710838 36766217623
1600710839 36766217623
1600710840 36766217623
1600710841 36766217623
1600710842 36766217623
1600710843 36766217623
1600710844 36766217623
1600710845 36766217623
1600710846 36766217623
1600710847 36766217623
1600710848 36766217623
1600710849 36766217623
1600710850 36766217623
1600710851 36766217623
1600710852 36766217623
1600710853 36766217623
1600710854 36766217623
1600710855 36766217623
1600710856 36766217623
1600710857 36766217623
1600710858 36766217623
1600710859 36766217623
1600710860 36766217623
1600710861 36766217623
1600710862 36766217623
1600710863 36766217623
1600710864 36766217623
1600710865 36766217623
1600710866 36766217623
1600710867 36766217623
1600710868 36766217623
1600710869 36766217623
1600710870 36766217623
1600710871 36766217623
1600710872 36766217623
1600710873 36766217623
1600710874 36766217623
1600710875 36766217623
1600710876 36766217623
1600710877 36766217623
1600710878 36766217623
1600710879 36766217623
1600710880 36766217623
1600710881 36766217623
1600710882 36766217623
1600710883 36766217623
1600710884 36766217623
1600710885 36766217623
1600710886 36766217623
1600710887 36766217623
1600710888 36766217623
1600710889 36766217623
1600710890 36766217623
1600710891 36766217623
1600710892 36766217623
1600710893 36766217623
1600710894 36766217623
1600710895 36766217623
1600710896 36766217623
1600710897 36766217623
1600710898 36766217623
1600710899 36766217623
1600710900 36766217623
1600710901 36766217623
1600710902 36766217623
1600710903 36776937438
1600710904 36803387750
1600710905 36829289750
1600710906 36855465774
1600710907 36881778942
1600710908 36907818020
1600710909 36933857164
1600710910 36960033188
1600710911 36986209278
1600710912 37012111344
1600710913 37038287434
1600710914 37064326446
1600710915 37090502470
1600710916 37116678626
1600710917 37142854716
1600710918 37169030806
1600710919 37195206962
1600710920 37221383052
1600710921 37247559142
1600710922 37273598154
1600710923 37299774310
1600710924 37325950400
1600710925 37352126490
1600710926 37378165634
1600710927 37404204712
1600710928 37430517880
1600710929 37456693904
1600710930 37482870060
1600710931 37508909138
1600710932 37535085162
1600710933 37570360293
1600710934 37622929991
1600710935 37675358699
1600710936 37727483093
1600710937 37780071589
1600710938 37832117453
1600710939 37884219203
1600710940 37936720583
1600710941 37988909449
1600710942 38041372349
1600710943 38093475613
1600710944 38145978507
1600710945 38197891825
1600710946 38250330501
1600710947 38303072673
1600710948 38354992743
1600710949 38407006803
1600710950 38459372751
1600710951 38511529691
1600710952 38563903829
1600710953 38616248637
1600710954 38668475287
1600710955 38720693549
1600710956 38772995081
1600710957 38825323169
1600710958 38877380261
1600710959 38930223795
1600710960 38982218117
1600710961 39034519019
1600710962 39086795641
1600710963 39139029795
1600710964 39191235183
1600710965 39243566365
1600710966 39296001129
1600710967 39348034749
1600710968 39400459865
1600710969 39452691057
1600710970 39504913043
1600710971 39557197225
1600710972 39609525379
1600710973 39661882299
1600710974 39713953637
1600710975 39766294599
1600710976 39818737883
1600710977 39870981131
1600710978 39923312181
1600710979 39975382955
1600710980 40027930705
1600710981 40079836331
1600710982 40132388491
1600710983 40184604609
1600710984 40236888923
1600710985 40289106367
1600710986 40341544977
1600710987 40393941327
1600710988 40446170319
1600710989 40498236419
1600710990 40550556119
1600710991 40603088729
1600710992 40655167769
1600710993 40707234631
1600710994 40759733801
1600710995 40812237645
1600710996 40864144785
1600710997 40916892251
1600710998 40968849475
1600710999 41021324487
1600711000 41073413307
1600711001 41125670171
1600711002 41178317713
1600711003 41230358273
1600711004 41282136849
1600711005 41334855423
1600711006 41386869427
