0 0 0 0
1 0 0 0
2 0 0 0
3 0 0 0
4 0 0 0
5 0 0 0
6 0 0 0
7 0 0 0
8 0 0 0
9 0 0 0
10 0 0 0
11 0 0 0
12 0 0 0
13 0 0 0
14 0 0 0
15 0 0 0
16 85316552 85316552 0
17 210564848 210504288 0
18 208312624 208312624 0
19 209409248 209409248 0
20 209420304 209408192 0
21 208312096 208312096 0
22 209409248 209409248 0
23 209408720 209408720 0
24 208311568 208311568 0
25 209408192 209408192 0
26 209408720 209408720 0
27 209408720 209408720 0
28 209408192 209408192 0
29 208312096 208312096 0
30 209420832 209408720 0
31 208312096 208312096 0
32 209408192 209408192 0
33 209408720 209408720 0
34 209409248 209409248 0
35 209408192 209408192 0
36 208336320 208312096 0
37 209409248 209409248 0
38 209408720 209408720 0
39 208311568 208311568 0
40 209408192 209408192 0
41 209409248 209409248 0
42 209420832 209408720 0
43 209408192 209408192 0
44 208312096 208312096 0
45 209408720 209408720 0
46 279644520 275266632 0
47 423704512 424969616 0
48 421100512 419818176 0
49 416437552 415256144 0
50 420204752 421222608 0
51 417902496 417266656 0
52 419478032 419550704 0
53 419489696 418725104 0
54 417011776 419155600 0
55 416310256 414967360 0
56 418042352 419518480 0
57 419580496 418497520 0
58 419459376 417308448 0
59 420634240 420428336 0
60 417467440 419623376 0
61 414814016 414239744 0
62 418659456 418036176 0
63 418890112 418514640 0
64 415807728 415643728 0
65 422596832 424200624 0
66 416860864 415275728 0
67 418393520 418902224 0
68 416601024 415516512 0
69 419483072 420275360 0
70 419410928 419386704 0
71 417963584 417856112 0
72 420907776 418818416 0
73 416914880 418009520 0
74 417351888 416917392 0
75 417611808 418556544 0
76 503656008 416515184 85758520
77 628670768 414985008 211602496
78 624321792 419721984 207216000
79 620209104 408462768 209408192
80 634497680 427177792 210505344
81 627328672 416060192 208312624
82 628605296 421276288 208313152
83 626232352 417790048 209408192
84 627540192 419268944 209408720
85 622173216 411201968 207216528
86 622488768 413298064 209408720
87 628618256 418465136 208312096
88 626208944 419077808 209408192
89 628401296 417877216 209409248
90 629363104 419518352 209408720
91 634639344 424031008 209408720
92 630056336 420828768 209409248
93 625257408 416526960 209408720
94 630909456 419962512 209408720
95 618188896 414793744 208312096
96 632164096 419605728 209409248
97 628655040 423218000 209408720
98 629637536 417805360 209408720
99 620021712 414179408 208313152
100 632291120 422181728 208312624
101 625006832 414638384 210505344
102 634171040 423709104 209408192
103 618788960 413861152 209409248
104 631654304 418436320 208312624
105 624904464 417543200 209408192
106 699165448 417485216 282201048
107 832095536 414641872 420557584
108 836851152 418934960 419429664
109 837883824 418066048 416995152
110 843135840 419593136 420707968
111 833101616 417098064 416366912
112 834650368 418817440 416814000
113 833837888 417568928 420011040
114 840277408 420077088 417510928
115 834293552 416697312 419703200
116 836031136 421276176 416826112
117 837653168 415425104 420023152
118 835032384 419180272 415306544
119 840918816 419604720 419509408
120 833809152 419513392 421937376
121 836390592 414415824 415360560
122 832084128 419120240 416112480
123 839676144 413630032 418927584
124 833947344 421439200 417255520
125 835001088 416613584 418993104
126 845251584 418974896 418758464
127 831658176 419222176 417813200
128 836678640 418072064 417746096
129 836600400 416867408 418412256
130 835807024 418623120 418624704
131 834032208 418786144 416456736
132 844996432 420370800 422748272
133 829021888 414338016 415954576
134 838544864 421382112 418407216
135 837965536 418507040 418212976
136 836757328 418144208 417873232
137 834960672 416312272 417643104
138 837996752 419661680 418649456
139 835061200 416515184 419478112
140 837084880 419409872 416268960
141 836995584 419640528 419400928
142 835307440 414368816 417849536
143 835457824 420249152 417775888
144 834647872 418153824 418273456
145 842647760 419383104 418625232
146 834145264 416743344 418855360
147 840175408 417862560 416570704
148 834650896 418987536 418727696
149 835977648 419289808 419546272
150 833123808 417115216 417945984
151 835947312 417961472 418648400
152 840927856 419132352 416566192
153 836086656 418126000 420382000
154 834582816 419022368 415245008
155 836218832 417460896 420417280
156 835737424 416724080 417728944
157 837654672 418193184 418274512
158 837843888 420491392 417739552
159 835068192 416467184 419508880
160 837431088 419579968 419170800
161 834913888 417736000 417831936
162 838837520 418226448 416528800
163 833211056 418113888 418557600
164 842890528 420537344 420260880
165 832490960 416768928 416632320
166 833660640 416177536 416534896
167 841690384 421430560 419993360
168 838545392 418550976 420030752
169 832920448 412696352 415257120
170 833992192 420950592 421979728
171 838884000 419919632 415657792
172 835492640 417484592 419800096
173 838349648 419204576 416710560
174 834134512 415691488 418054912
175 831629344 415003120 421180336
176 838759488 415846080 416324480
177 837194320 422820368 414228608
178 834644352 417169760 421748592
179 835468448 421554256 416112032
