1600256633 1201516882
1600256634 1201516882
1600256635 1201516882
1600256636 1201516882
1600256637 1201516882
1600256638 1201516882
1600256639 1201516882
1600256640 1201516882
1600256641 1201516882
1600256642 1201516882
1600256643 1201516882
1600256644 1201516882
1600256645 1201516882
1600256646 1201516882
1600256647 1201516882
1600256648 1201516882
1600256649 1201516882
1600256650 1201516882
1600256651 1201516882
1600256652 1201516882
1600256653 1201516882
1600256654 1201516882
1600256655 1201516882
1600256656 1201516882
1600256657 1201516882
1600256658 1201516882
1600256659 1201516882
1600256660 1201516882
1600256661 1201516882
1600256662 1201516882
1600256663 1201516882
1600256664 1201516882
1600256665 1201516882
1600256666 1201516882
1600256667 1201516882
1600256668 1201516882
1600256669 1201516882
1600256670 1201516882
1600256671 1201516882
1600256672 1201516882
1600256673 1201516882
1600256674 1201516882
1600256675 1201516882
1600256676 1201516882
1600256677 1201516882
1600256678 1201516882
1600256679 1201516882
1600256680 1201516882
1600256681 1201516882
1600256682 1201516882
1600256683 1201516882
1600256684 1201516882
1600256685 1201516882
1600256686 1201516882
1600256687 1201516882
1600256688 1201516882
1600256689 1201516882
1600256690 1201516882
1600256691 1201516882
1600256692 1201516882
1600256693 1201516882
1600256694 1201516882
1600256695 1201516882
1600256696 1201516882
1600256697 1201516882
1600256698 1201516882
1600256699 1201516882
1600256700 1201516882
1600256701 1201516882
1600256702 1201516882
1600256703 1201516882
1600256704 1201516882
1600256705 1201516882
1600256706 1201516882
1600256707 1202744807
1600256708 1206546609
1600256709 1210231277
1600256710 1214047281
1600256711 1217731751
1600256712 1221548733
1600256713 1225365331
1600256714 1229050131
1600256715 1232866531
1600256716 1236550869
1600256717 1240367335
1600256718 1244183669
1600256719 1247868403
1600256720 1251685133
1600256721 1255369735
1600256722 1259186003
1600256723 1263002601
1600256724 1266686939
1600256725 1270503207
1600256726 1274187743
1600256727 1278004011
1600256728 1281820015
1600256729 1285504881
1600256730 1289321479
1600256731 1293137351
1600256732 1296821029
1600256733 1300636571
1600256734 1304320777
1600256735 1308136517
1600256736 1311951729
1600256737 1315635407
1600256738 1319451675
1600256739 1323135485
1600256740 1326951357
1600256741 1330766701
1600256742 1334450973
1600256743 1338267175
1600256744 1341951249
1600256745 1345767121
1600256746 1349582927
1600256747 1353266803
1600256748 1357083005
1600256749 1360898811
1600256750 1364583083
1600256751 1368398493
1600256752 1372082699
1600256753 1375898439
1600256754 1379714371
1600256755 1383397983
1600256756 1387213525
1600256757 1390897533
1600256758 1394712679
1600256759 1398528353
1600256760 1402212625
1600256761 1406028365
1600256762 1409712637
1600256763 1413528047
1600256764 1417343985
1600256765 1421028191
1600256766 1424844591
1600256767 1428660067
1600256768 1432344075
1600256769 1436159683
1600256770 1439843559
1600256771 1443659365
1600256772 1447474841
1600256773 1451158585
1600256774 1454974325
1600256775 1458658795
1600256776 1462474205
1600256777 1466290407
1600256778 1469974217
1600256779 1473790221
1600256780 1477473833
1600256781 1481289903
1600256782 1485105511
