1600256633 46165125637
1600256634 46165125637
1600256635 46165125637
1600256636 46165125637
1600256637 46165125637
1600256638 46165125637
1600256639 46165125637
1600256640 46165125637
1600256641 46165125637
1600256642 46165125637
1600256643 46165125637
1600256644 46165125637
1600256645 46165125637
1600256646 46165125637
1600256647 46166342264
1600256648 46170107950
1600256649 46173789450
1600256650 46177602682
1600256651 46181415782
1600256652 46185097060
1600256653 46188909830
1600256654 46192591396
1600256655 46196404496
1600256656 46200216870
1600256657 46203897578
1600256658 46207711140
1600256659 46211524504
1600256660 46215206598
1600256661 46219019764
1600256662 46222701396
1600256663 46226514298
1600256664 46230327530
1600256665 46234009162
1600256666 46237822790
1600256667 46241504488
1600256668 46245317786
1600256669 46249131084
1600256670 46252812320
1600256671 46256624892
1600256672 46260305402
1600256673 46264117710
1600256674 46267930150
1600256675 46271611320
1600256676 46275423496
1600256677 46280463531
1600256678 46287920097
1600256679 46295417007
1600256680 46302913719
1600256681 46310541239
1600256682 46318037663
1600256683 46325535167
1600256684 46333031681
1600256685 46340528393
1600256686 46348157035
1600256687 46355653417
1600256688 46363150789
1600256689 46370646445
1600256690 46378143883
1600256691 46385772591
1600256692 46393269477
1600256693 46400765925
1600256694 46408262109
1600256695 46415890091
1600256696 46423385813
1600256697 46430882261
1600256698 46438379171
1600256699 46446007483
1600256700 46453503733
1600256701 46460999983
1600256702 46468496563
1600256703 46475993473
1600256704 46483622181
1600256705 46491119223
1600256706 46498616001
1600256707 46507340440
1600256708 46518640604
1600256709 46529954376
1600256710 46541268214
1600256711 46552449990
1600256712 46563764662
1600256713 46575078896
1600256714 46586393526
1600256715 46597707364
1600256716 46608889008
1600256717 46620334446
1600256718 46631648548
1600256719 46642830456
1600256720 46654144426
1600256721 46665325938
1600256722 46676771550
1600256723 46688085718
1600256724 46699267560
1600256725 46710581398
1600256726 46721762778
1600256727 46733208282
1600256728 46744521988
1600256729 46755704952
1600256730 46767019912
1600256731 46778332670
1600256732 46789644528
1600256733 46800957178
1600256734 46812138558
1600256735 46823583336
1600256736 46834896118
1600256737 46846077432
1600256738 46857391204
1600256739 46868572386
1600256740 46880017098
1600256741 46891328824
1600256742 46902510270
1600256743 46913824306
1600256744 46925006274
1600256745 46936451382
1600256746 46947764032
1600256747 46958944488
1600256748 46970258788
1600256749 46981572164
1600256750 46992885078
1600256751 47004197860
1600256752 47015378976
1600256753 47026691824
1600256754 47038136842
1600256755 47049317628
1600256756 47060630740
1600256757 47071811856
1600256758 47083256502
1600256759 47094570076
1600256760 47105752116
1600256761 47117065270
1600256762 47128246914
1600256763 47139691428
1600256764 47151004342
1600256765 47162185128
1600256766 47173499428
1600256767 47184812210
1600256768 47196123936
1600256769 47207436454
1600256770 47218617306
1600256771 47229930196
1600256772 47241243110
1600256773 47252555100
1600256774 47263868278
1600256775 47275049658
1600256776 47286492588
1600256777 47297805436
1600256778 47308986552
1600256779 47320300324
1600256780 47331481566
1600256781 47342926872
1600256782 47354240248
