1600256633 42314035179
1600256634 42314035179
1600256635 42314035179
1600256636 42314035179
1600256637 42314035179
1600256638 42314035179
1600256639 42314035179
1600256640 42314035179
1600256641 42314035179
1600256642 42314035179
1600256643 42314035179
1600256644 42314035179
1600256645 42314035179
1600256646 42314035179
1600256647 42315251806
1600256648 42319017492
1600256649 42322698992
1600256650 42326512224
1600256651 42330325324
1600256652 42334006680
1600256653 42337819450
1600256654 42341501016
1600256655 42345314116
1600256656 42349126490
1600256657 42352807198
1600256658 42356620760
1600256659 42360434124
1600256660 42364116218
1600256661 42367929384
1600256662 42371611016
1600256663 42375423918
1600256664 42379237150
1600256665 42382918782
1600256666 42386732410
1600256667 42390414108
1600256668 42394227406
1600256669 42398040704
1600256670 42401721940
1600256671 42405534512
1600256672 42409215022
1600256673 42413027330
1600256674 42416839770
1600256675 42420520940
1600256676 42424333116
1600256677 42429373151
1600256678 42436829717
1600256679 42444326627
1600256680 42451823339
1600256681 42459450859
1600256682 42466947301
1600256683 42474444805
1600256684 42481941319
1600256685 42489438031
1600256686 42497066673
1600256687 42504563055
1600256688 42512060427
1600256689 42519556083
1600256690 42527053521
1600256691 42534682229
1600256692 42542179133
1600256693 42549675581
1600256694 42557171765
1600256695 42564799747
1600256696 42572295469
1600256697 42579791917
1600256698 42587288827
1600256699 42594917139
1600256700 42602413389
1600256701 42609909639
1600256702 42617406219
1600256703 42624903129
1600256704 42632531837
1600256705 42640028879
1600256706 42647525657
1600256707 42655022171
1600256708 42662520533
1600256709 42670149637
1600256710 42677647471
1600256711 42685144777
1600256712 42692642545
1600256713 42700140181
1600256714 42707770011
1600256715 42715267449
1600256716 42722764755
1600256717 42730393727
1600256718 42737891495
1600256719 42745388669
1600256720 42752885909
1600256721 42760382819
1600256722 42768012181
1600256723 42775509751
1600256724 42783007255
1600256725 42790504825
1600256726 42798001669
1600256727 42805630905
1600256728 42813128607
1600256729 42820626705
1600256730 42828125067
1600256731 42835621971
1600256732 42843250151
1600256733 42850747259
1600256734 42858244433
1600256735 42865873471
1600256736 42873371041
1600256737 42880868677
1600256738 42888366181
1600256739 42895863553
1600256740 42903492393
1600256741 42910988775
1600256742 42918485949
1600256743 42925983783
1600256744 42933481617
1600256745 42941110853
1600256746 42948607697
1600256747 42956104277
1600256748 42963602375
1600256749 42971099945
1600256750 42978728587
1600256751 42986225959
1600256752 42993722869
1600256753 43001219977
1600256754 43008849081
1600256755 43016346255
1600256756 43023843825
1600256757 43031340933
1600256758 43038970433
1600256759 43046468333
1600256760 43053966101
1600256761 43061463533
1600256762 43068960905
1600256763 43076590009
1600256764 43084086985
1600256765 43091583565
1600256766 43099081465
1600256767 43106578771
1600256768 43114206489
1600256769 43121703399
1600256770 43129200375
1600256771 43136697477
1600256772 43144194915
1600256773 43151823161
1600256774 43159320599
1600256775 43166817509
1600256776 43174445029
1600256777 43181941675
1600256778 43189438981
1600256779 43196936749
1600256780 43204434319
1600256781 43212063555
1600256782 43219561323
