1600256633 49324461535
1600256634 49324461535
1600256635 49324461535
1600256636 49324461535
1600256637 49324461535
1600256638 49324461535
1600256639 49324461535
1600256640 49324461535
1600256641 49324461535
1600256642 49324461535
1600256643 49324461535
1600256644 49324461535
1600256645 49324461535
1600256646 49324461535
1600256647 49325728982
1600256648 49329653860
1600256649 49333491648
1600256650 49337466844
1600256651 49341441842
1600256652 49345279822
1600256653 49349254820
1600256654 49353092806
1600256655 49357067936
1600256656 49361042736
1600256657 49364880392
1600256658 49368855588
1600256659 49372830718
1600256660 49376668836
1600256661 49380643900
1600256662 49384481886
1600256663 49388456818
1600256664 49392431948
1600256665 49396270000
1600256666 49400245196
1600256667 49404083248
1600256668 49408058378
1600256669 49412033508
1600256670 49415871428
1600256671 49419846162
1600256672 49423683818
1600256673 49427658486
1600256674 49431633154
1600256675 49435470876
1600256676 49439445544
1600256677 49444697439
1600256678 49452463479
1600256679 49460275869
1600256680 49468088259
1600256681 49476037595
1600256682 49483849919
1600256683 49491662243
1600256684 49499474633
1600256685 49507286957
1600256686 49515236293
1600256687 49523048617
1600256688 49530860941
1600256689 49538673265
1600256690 49546485589
1600256691 49554434925
1600256692 49562247249
1600256693 49570059573
1600256694 49577871897
1600256695 49585821233
1600256696 49593633557
1600256697 49601445881
1600256698 49609258205
1600256699 49617207541
1600256700 49625019865
1600256701 49632832189
1600256702 49640644513
1600256703 49648456837
1600256704 49656406173
1600256705 49664218497
1600256706 49672030821
1600256707 49681120372
1600256708 49692890654
1600256709 49704677646
1600256710 49716464638
1600256711 49728114618
1600256712 49739901670
1600256713 49751688662
1600256714 49763475654
1600256715 49775262646
1600256716 49786912626
1600256717 49798836630
1600256718 49810623688
1600256719 49822273668
1600256720 49834060660
1600256721 49845710640
1600256722 49857634644
1600256723 49869421702
1600256724 49881071682
1600256725 49892858674
1600256726 49904508654
1600256727 49916432658
1600256728 49928219650
1600256729 49939869696
1600256730 49951656688
1600256731 49963443680
1600256732 49975230672
1600256733 49987017664
1600256734 49998667644
1600256735 50010591648
1600256736 50022378640
1600256737 50034028620
1600256738 50045815612
1600256739 50057465592
1600256740 50069389596
1600256741 50081176588
1600256742 50092826568
1600256743 50104613560
1600256744 50116263600
1600256745 50128187604
1600256746 50139974596
1600256747 50151624576
1600256748 50163411568
1600256749 50175198560
1600256750 50186985552
1600256751 50198772544
1600256752 50210422524
1600256753 50222209516
1600256754 50234133520
1600256755 50245783500
1600256756 50257570492
1600256757 50269220472
1600256758 50281144476
1600256759 50292931468
1600256760 50304581448
1600256761 50316368440
1600256762 50328018420
1600256763 50339942424
1600256764 50351729416
1600256765 50363379396
1600256766 50375166388
1600256767 50386953380
1600256768 50398740372
1600256769 50410527364
1600256770 50422177344
1600256771 50433964336
1600256772 50445751328
1600256773 50457538320
1600256774 50469325312
1600256775 50480975292
1600256776 50492899296
1600256777 50504686288
1600256778 50516336268
1600256779 50528123260
1600256780 50539773300
1600256781 50551697304
1600256782 50563484296
