1600710347 177873431943
1600710348 177873431943
1600710349 177873431943
1600710350 177873431943
1600710351 177873431943
1600710352 177873431943
1600710353 177873431943
1600710354 177873431943
1600710355 177873431943
1600710356 177873431943
1600710357 177873431943
1600710358 177873431943
1600710359 177873431943
1600710360 177873431943
1600710361 177873431943
1600710362 177873431943
1600710363 177873431943
1600710364 177873431943
1600710365 177882462976
1600710366 177907694858
1600710367 177933871014
1600710368 177959910092
1600710369 177986224642
1600710370 178012263654
1600710371 178038439744
1600710372 178064478756
1600710373 178090654780
1600710374 178116830936
1600710375 178143007026
1600710376 178169183050
1600710377 178195222062
1600710378 178221398152
1600710379 178247575756
1600710380 178273614702
1600710381 178299790726
1600710382 178325966882
1600710383 178352142972
1600710384 178378318996
1600710385 178404359588
1600710386 178430535744
1600710387 178456574756
1600710388 178482750780
1600710389 178508926870
1600710390 178535103026
1600710391 178561279050
1600710392 178587318062
1600710393 178613494152
1600710394 178639534744
1600710395 178673717071
1600710396 178727028401
1600710397 178779380783
1600710398 178831437733
1600710399 178884038133
1600710400 178936328677
1600710401 178988331895
1600710402 179040409919
1600710403 179093049749
1600710404 179145266431
1600710405 179197356633
1600710406 179249909539
1600710407 179302244807
1600710408 179354442629
1600710409 179406601587
1600710410 179458953701
1600710411 179511320955
1600710412 179563536123
1600710413 179615692437
1600710414 179668419821
1600710415 179720499359
1600710416 179772717621
1600710417 179824804795
1600710418 179877521965
1600710419 179929671839
1600710420 179981859195
1600710421 180034016639
1600710422 180086505765
1600710423 180138867095
1600710424 180190946699
1600710425 180246319276
1600710426 180310446720
1600710427 180374345090
1600710428 180438343384
1600710429 180502440088
1600710430 180566409616
1600710431 180630473012
1600710432 180694571230
1600710433 180758445376
1600710434 180822413390
1600710435 180886587308
1600710436 180950600742
1600710437 181014520308
1600710438 181078592788
1600710439 181142400318
1600710440 181206422836
1600710441 181270666398
1600710442 181334605646
1600710443 181398649360
1600710444 181463197236
1600710445 181526617182
1600710446 181590405030
1600710447 181654463884
1600710448 181718963312
1600710449 181782471070
1600710450 181846658614
1600710451 181910529732
1600710452 181974833854
1600710453 182038770074
1600710454 182102703266
1600710455 182166915959
1600710456 182230641733
1600710457 182294667279
1600710458 182358662545
1600710459 182422800127
1600710460 182486786309
1600710461 182550724043
1600710462 182614937325
1600710463 182678906853
1600710464 182742856699
1600710465 182806867105
1600710466 182870994089
1600710467 182934834927
1600710468 182998827165
1600710469 183062767927
1600710470 183126917621
1600710471 183190993129
1600710472 183254935405
1600710473 183318742935
1600710474 183383071281
1600710475 183446925745
1600710476 183511090579
1600710477 183574951099
1600710478 183638937281
1600710479 183702900753
1600710480 183767220015
1600710481 183830938219
1600710482 183895183295
1600710483 183959311793
1600710484 184023410011
1600710485 184087388623
1600710486 184151012959
1600710487 184215161139
1600710488 184279127639
1600710489 184343224343
1600710490 184407283197
1600710491 184471145231
1600710492 184535063343
1600710493 184599328101
1600710494 184663091725
1600710495 184727236877
1600710496 184791537971
1600710497 184855242549
1600710498 184919416467
1600710499 184983233081
1600710500 185047393373
1600710501 185111232697
1600710502 185175436895
1600710503 185239397339
1600710504 185303256345
1600710505 185367203163
1600710506 185431433099
1600710507 185495217919
1600710508 185559264661
1600710509 185623417383
1600710510 185687336949
1600710511 185751353411
1600710512 185815303257
1600710513 185879522595
1600710514 185943549655
1600710515 186007346587
1600710516 186071443291
1600710517 186135520313
1600710518 186199464103
1600710519 186263445743
1600710520 186327483401
1600710521 186391569507
1600710522 186455449709
1600710523 186519646337
1600710524 186583638575
1600710525 186647532403
1600710526 186711302083
