0 0 0
1 0 0
2 0 0
3 0 0
4 0 0
5 0 0
6 0 0
7 0 0
8 0 0
9 0 0
10 0 0
11 0 0
12 0 0
13 0 0
14 0 0
15 0 0
16 0 0
17 0 0
18 72248264 72248264
19 201855056 201733936
20 209409248 209409248
21 208312624 208312624
22 210516400 210504288
23 208312096 208312096
24 209408720 209408720
25 208312096 208312096
26 209408192 209408192
27 209409248 209409248
28 209408720 209408720
29 209408192 209408192
30 208312096 208312096
31 209408720 209408720
32 209420832 209408720
33 208311568 208311568
34 209408192 209408192
35 209409248 209409248
36 209408720 209408720
37 209408192 209408192
38 208324736 208312624
39 209409248 209409248
40 208312096 208312096
41 209408192 209408192
42 209408720 209408720
43 209409248 209409248
44 209408192 209408192
45 208312096 208312096
46 209408720 209408720
47 208324736 208312624
48 273458616 272865128
49 426490640 425147744
50 418819056 415825856
51 416455600 418575200
52 420803200 420851648
53 418324352 420262272
54 416025744 415529152
55 416624192 416624192
56 421118640 421009632
57 417733456 417686992
58 416721616 416659072
59 420423248 417613264
60 418682144 419846432
61 417582576 417799056
62 417271664 417816704
63 418816912 418816912
64 418938032 417194912
65 417721344 419342288
66 417250512 416390560
67 421819072 420451952
68 416636304 417254016
69 417746096 418979984
70 416697392 416624720
71 421737360 418975824
72 417198992 417454880
73 417498848 415704736
74 417259552 420941600
75 419913008 419520864
76 418890640 419210112
77 416636832 416624720
78 442980616 437760344
79 513019552 511820464
80 511186960 511598768
81 511986352 514626768
82 512773632 509539728
83 511756224 515196032
84 512507168 509333824
85 512785744 511792560
86 510993168 512119584
87 511744112 511550320
88 513391344 512918976
89 512107472 511695664
90 511356528 512664624
91 512579840 511950016
92 510460240 511320192
93 512180144 512022688
94 513948496 512749408
95 511513984 511816784
96 512349712 511368640
97 516383008 517170288
98 507359568 508074176
99 510302784 511998464
100 512470832 511962128
101 515995424 511962128
102 508062064 511417088
103 513500352 511247520
104 510968944 514493536
105 514432976 511792560
106 511489760 510823600
107 511465536 510557136
108 513701544 512078536
109 509806192 514311856
110 512204368 509563952
111 511962128 512410272
112 513100656 512616176
113 511889456 511368640
114 511501872 513306560
115 513706256 511622992
116 511756224 510532912
117 511598768 514941680
118 512083248 509539728
119 513015872 512046912
120 510726704 513112768
121 511937904 510654032
122 511526096 512410272
123 513197552 513088544
124 512604064 511186960
125 511538208 512361824
126 510460240 511719888
127 514626768 511950016
128 510835712 511707776
129 513318672 512652512
130 510884160 511816784
131 511889456 512361824
132 511707776 513924272
133 514554096 511344416
134 509745632 511053728
135 513960608 511041616
136 513027984 512858416
137 512785744 513330784
138 511828896 510472352
139 508994688 511707776
140 513185440 511465536
141 511732000 512119584
142 512773632 516722144
143 512470832 507044656
144 510896272 513900048
145 511344896 513561392
146 514118064 508304304
147 510108992 513560912
148 513161216 511126400
149 514408752 514396640
150 509636624 510278560
151 513391344 511574544
152 510532912 512531392
153 513282336 512991648
154 510714592 509806192
155 513633584 511804672
156 511683552 513258112
157 510872048 511901568
158 511574544 511562432
159 513839488 512749408
160 510278560 510993168
161 512373936 512749408
162 513221776 512422384
163 511356528 511368640
164 512131696 512301264
165 511598768 513597248
166 513754704 509648736
167 512216480 512131696
168 510375456 513839488
169 512773632 510968944
170 512616176 511259632
171 511550320 512264928
172 511853120 511622992
173 512301264 512616176
174 512688848 511429200
175 511041616 513015872
176 513573024 510254336
177 511937904 512628288
178 511150624 512240704
179 510157440 513027984
