1600680115 46101592670
1600680116 46101592670
1600680117 46101592670
1600680118 46101592670
1600680119 46101592670
1600680120 46101592670
1600680121 46101592670
1600680122 46101592670
1600680123 46101592670
1600680124 46101592670
1600680125 46101592670
1600680126 46101592670
1600680127 46101592670
1600680128 46101592670
1600680129 46101592670
1600680130 46101592670
1600680131 46101592670
1600680132 46101592670
1600680133 46104264197
1600680134 46108102081
1600680135 46111927061
1600680136 46115619381
1600680137 46119445549
1600680138 46123139709
1600680139 46126965217
1600680140 46130790065
1600680141 46134481267
1600680142 46138303211
1600680143 46141991905
1600680144 46145819785
1600680145 46149643643
1600680146 46153332997
1600680147 46157157049
1600680148 46160984075
1600680149 46164674155
1600680150 46168495241
1600680151 46172193171
1600680152 46176020593
1600680153 46179846695
1600680154 46183538953
1600680155 46187362547
1600680156 46191053419
1600680157 46194874637
1600680158 46198698491
1600680159 46202391343
1600680160 46206214145
1600680161 46209902311
1600680162 46213728079
1600680163 46220130372
1600680164 46227394292
1600680165 46235060554
1600680166 46242471330
1600680167 46250356598
1600680168 46257820348
1600680169 46265385198
1600680170 46272957244
1600680171 46280444650
1600680172 46288195262
1600680173 46295821124
1600680174 46303281458
1600680175 46310727954
1600680176 46318339748
1600680177 46325893096
1600680178 46333653378
1600680179 46340879194
1600680180 46348542354
1600680181 46356087564
1600680182 46363627638
1600680183 46371296408
1600680184 46378695180
1600680185 46386536674
1600680186 46393916684
1600680187 46401484522
1600680188 46409268658
1600680189 46416761228
1600680190 46424202368
1600680191 46431871996
1600680192 46439277826
1600680193 46449354923
1600680194 46460832459
1600680195 46472255223
1600680196 46483679447
1600680197 46494973725
1600680198 46506381851
1600680199 46517792693
1600680200 46529065739
1600680201 46540600401
1600680202 46551860709
1600680203 46563337603
1600680204 46574658381
1600680205 46586104829
1600680206 46597446627
1600680207 46608856827
1600680208 46620136325
1600680209 46631685577
1600680210 46642814549
1600680211 46654356327
1600680212 46665769669
1600680213 46677032613
1600680214 46688559685
1600680215 46699825751
1600680216 46711224003
1600680217 46722617819
1600680218 46733875083
1600680219 46745413375
1600680220 46756678167
1600680221 46768066581
1600680222 46779668997
1600680223 46791676560
1600680224 46803868026
1600680225 46816196526
1600680226 46828343234
1600680227 46840610534
1600680228 46852863338
1600680229 46865084076
1600680230 46877314838
1600680231 46889590608
1600680232 46901928254
1600680233 46914090292
1600680234 46926324598
1600680235 46938561210
1600680236 46950815948
1600680237 46963068956
1600680238 46975363170
1600680239 46987534742
1600680240 46999791366
1600680241 47012023894
1600680242 47024342444
1600680243 47036544960
1600680244 47048791650
1600680245 47061115018
1600680246 47073293904
1600680247 47085513596
1600680248 47097785438
1600680249 47110040366
1600680250 47122380924
1600680251 47134590428
1600680252 47146797824
1600680253 47159039646
1600680254 47171318980
1600680255 47183714954
1600680256 47195913266
1600680257 47208092938
1600680258 47220306646
1600680259 47232535878
1600680260 47244746368
1600680261 47257165762
1600680262 47269281916
1600680263 47281484358
1600680264 47293724204
1600680265 47305994792
1600680266 47318250434
1600680267 47330503176
1600680268 47342715774
1600680269 47355004456
1600680270 47367206316
1600680271 47379516772
1600680272 47391710014
1600680273 47403943548
1600680274 47416289098
1600680275 47428475616
1600680276 47440692472
1600680277 47453014786
1600680278 47465162608
1600680279 47477411472
1600680280 47489702332
1600680281 47501930520
1600680282 47514150746
1600680283 47526481684
1600680284 47538649522
1600680285 47550949058
1600680286 47563168220
1600680287 47575440102
1600680288 47587598704
1600680289 47599910538
1600680290 47612164332
1600680291 47624415486
1600680292 47636647952
1600680293 47648870612
1600680294 47661092838
