1600680115 52076071821
1600680116 52076071821
1600680117 52076071821
1600680118 52076071821
1600680119 52076071821
1600680120 52076071821
1600680121 52076071821
1600680122 52076071821
1600680123 52076071821
1600680124 52076071821
1600680125 52076071821
1600680126 52076071821
1600680127 52076071821
1600680128 52076071821
1600680129 52076071821
1600680130 52076071821
1600680131 52076071821
1600680132 52076071821
1600680133 52078708102
1600680134 52082813848
1600680135 52086786128
1600680136 52090608644
1600680137 52094600840
1600680138 52098438538
1600680139 52102372968
1600680140 52106350664
1600680141 52110098994
1600680142 52114108484
1600680143 52118037854
1600680144 52121917780
1600680145 52125871252
1600680146 52129687712
1600680147 52133665408
1600680148 52137664300
1600680149 52141592796
1600680150 52145472082
1600680151 52149315794
1600680152 52153287434
1600680153 52157227280
1600680154 52161154262
1600680155 52165181920
1600680156 52169023478
1600680157 52172882208
1600680158 52176934090
1600680159 52180773194
1600680160 52184717582
1600680161 52188622728
1600680162 52192597396
1600680163 52199049319
1600680164 52206724275
1600680165 52214550977
1600680166 52222369413
1600680167 52230324739
1600680168 52238206561
1600680169 52245840863
1600680170 52253784077
1600680171 52261609961
1600680172 52269562447
1600680173 52277526857
1600680174 52285141543
1600680175 52293024837
1600680176 52300817413
1600680177 52308682703
1600680178 52316642571
1600680179 52324339953
1600680180 52332200603
1600680181 52340006805
1600680182 52347831175
1600680183 52355831855
1600680184 52363538321
1600680185 52371341307
1600680186 52379206555
1600680187 52387038561
1600680188 52395013635
1600680189 52402857753
1600680190 52410586741
1600680191 52418526927
1600680192 52426180845
1600680193 52436650402
1600680194 52448368958
1600680195 52460008106
1600680196 52471931226
1600680197 52483675750
1600680198 52495393714
1600680199 52507117052
1600680200 52518786714
1600680201 52530799978
1600680202 52542473410
1600680203 52554124716
1600680204 52565946530
1600680205 52577652462
1600680206 52589544672
1600680207 52601311958
1600680208 52613022432
1600680209 52624846446
1600680210 52636392458
1600680211 52648393610
1600680212 52660088116
1600680213 52671766862
1600680214 52683657426
1600680215 52695429334
1600680216 52707101902
1600680217 52718867674
1600680218 52730568998
1600680219 52742446068
1600680220 52754227060
1600680221 52765885870
1600680222 52777742506
1600680223 52789922589
1600680224 52802330237
1600680225 52814913615
1600680226 52827423797
1600680227 52839862821
1600680228 52852360891
1600680229 52864858961
1600680230 52877355517
1600680231 52889903549
1600680232 52902469749
1600680233 52914858811
1600680234 52927402301
1600680235 52939862521
1600680236 52952389357
1600680237 52964882927
1600680238 52977368885
1600680239 52989871497
1600680240 53002430127
1600680241 53014876721
1600680242 53027338455
1600680243 53039862263
1600680244 53052378501
1600680245 53064838721
1600680246 53077404921
1600680247 53089845501
1600680248 53102402617
1600680249 53114840127
1600680250 53127371505
1600680251 53139896827
1600680252 53152370673
1600680253 53164873285
1600680254 53177444027
1600680255 53189964807
1600680256 53202461363
1600680257 53214877719
1600680258 53227363677
1600680259 53239893601
1600680260 53252365933
1600680261 53265072935
1600680262 53277389367
1600680263 53289837475
1600680264 53302390049
1600680265 53314883577
1600680266 53327366507
1600680267 53339955417
1600680268 53352420179
1600680269 53364904623
1600680270 53377364843
1600680271 53389876539
1600680272 53402418515
1600680273 53414880249
1600680274 53427470673
1600680275 53439843081
1600680276 53452377487
1600680277 53464866515
1600680278 53477396379
1600680279 53489867197
1600680280 53502427341
1600680281 53514855767
1600680282 53527382603
1600680283 53539895813
1600680284 53552357547
1600680285 53564884383
1600680286 53577371855
1600680287 53589865425
1600680288 53602452821
1600680289 53614858537
1600680290 53627371747
1600680291 53639836509
1600680292 53652340635
1600680293 53664918947
1600680294 53677362513
