0 0 0
1 0 0
2 0 0
3 0 0
4 0 0
5 0 0
6 0 0
7 0 0
8 0 0
9 0 0
10 0 0
11 0 0
12 0 0
13 0 0
14 0 0
15 0 0
16 0 0
17 0 0
18 21090248 21372216
19 32845968 30703072
20 31778240 30599840
21 30580128 29538560
22 31937568 30609344
23 30701584 29553280
24 31475440 30604064
25 31821568 30598784
26 29986640 29529616
27 32075920 30575552
28 31434960 29509552
29 31039408 30623040
30 31627776 30590864
31 30531680 29514832
32 31821568 30592416
33 31991136 30616208
34 31427968 29520640
35 31034288 30568688
36 30749696 29583440
37 31773120 30619376
38 31518768 30608816
39 31415856 29538064
40 32221264 30588752
41 30732464 29526976
42 30869840 30569744
43 32415056 30590832
44 30712832 29542816
45 31555104 30582416
46 31241168 29505328
47 31797344 30606144
48 51615384 51218344
49 61399648 58111360
50 62613616 61330096
51 62547488 59286208
52 63642608 63082144
53 63054576 59710000
54 61074416 60518800
55 63545712 60576368
56 62607072 59899248
57 63619888 62004896
58 63715280 61006896
59 60917488 59682672
60 63066352 59571968
61 62340608 60894352
62 62922320 60426784
63 63678944 62082256
64 61579056 57806528
65 62885200 61305280
66 62449616 60361680
67 62594960 60320592
68 64005440 61350160
69 61651728 59190176
70 62423888 62731952
71 62921984 59040080
72 62656048 60542704
73 63800592 62273088
74 62752944 59940560
75 61831904 59529120
76 63521488 61357024
77 61231344 59246640
78 83756456 80616776
79 93748448 91820288
80 93113184 91382112
81 95384960 91393792
82 93956192 90354224
83 93743712 91265008
84 93786704 91286736
85 93357296 90184368
86 96106112 92277296
87 93387456 90082464
88 93210448 91815152
89 94574512 90566224
90 93647456 91571584
91 95137680 90734384
92 94138288 91281600
93 93683792 90235984
94 94592112 92394016
95 92368096 89031776
96 96009216 92334224
97 93556048 91306736
98 93429968 90103552
99 95124512 92216576
100 94175264 90128528
101 93380544 91186016
102 94126176 91150528
103 93610592 90058112
104 95016560 92306336
105 94247936 90118336
106 93270480 91107312
107 94853088 92819328
108 97440664 96060504
109 99261184 97531728
110 100667024 98628000
111 100081456 97173664
112 99512192 98138400
113 99984560 98022432
114 99984560 97765904
115 99972448 97846096
116 100384256 98206160
117 100529600 98701168
118 99112496 97296304
119 100347920 97874448
120 99681760 97892896
121 100214688 98037904
122 99948560 98024064
123 99887664 98353712
124 100020896 97372576
125 100469040 98052992
126 99572752 97860224
127 99693872 98548400
128 100190464 97620128
129 100129904 97973520
130 99681760 98586944
131 100529600 97431088
132 99524640 97757536
133 100456928 98174736
134 99500080 98039424
135 100251024 98724464
136 100202576 97676032
137 99790768 97659168
138 100020896 97934576
139 100565936 98234672
140 100166240 99167792
141 99972448 97586496
142 99330848 97437376
143 99887664 97709664
144 100239392 97833856
145 99778656 97683920
146 101656016 99355152
147 98531456 96929232
148 99584864 97619536
149 100420592 97918768
150 99948224 98164704
151 99863440 98045136
152 100711280 98021936
153 99718096 97700784
154 99875552 98309456
155 99681760 97614880
156 100093568 98483648
157 100335808 97545936
158 99693872 97868272
159 100723392 98764400
160 98979264 97492144
161 100275248 97734848
162 99912224 98578512
163 100238912 97182576
164 99766544 97990912
165 100481152 98326880
166 99427408 97825504
167 100214688 97761808
168 100105680 98647504
169 99693872 97342704
170 100214688 98396288
171 99899776 97753296
172 99948560 98175056
173 100699168 97268816
174 99245728 98494672
175 100105680 98030352
176 99718096 98009232
177 100033008 97859728
178 100626496 97781280
179 99548528 97777808
