1600710347 36766217623
1600710348 36766217623
1600710349 36766217623
1600710350 36766217623
1600710351 36766217623
1600710352 36766217623
1600710353 36766217623
1600710354 36766217623
1600710355 36766217623
1600710356 36766217623
1600710357 36766217623
1600710358 36766217623
1600710359 36766217623
1600710360 36766217623
1600710361 36766217623
1600710362 36766217623
1600710363 36766217623
1600710364 36766217623
1600710365 36766217623
1600710366 36766217623
1600710367 36766217623
1600710368 36766217623
1600710369 36766217623
1600710370 36766217623
1600710371 36766217623
1600710372 36766217623
1600710373 36766217623
1600710374 36766217623
1600710375 36766217623
1600710376 36766217623
1600710377 36766217623
1600710378 36766217623
1600710379 36766217623
1600710380 36766217623
1600710381 36766217623
1600710382 36766217623
1600710383 36766217623
1600710384 36766217623
1600710385 36766217623
1600710386 36766217623
1600710387 36766217623
1600710388 36766217623
1600710389 36766217623
1600710390 36766217623
1600710391 36766217623
1600710392 36766217623
1600710393 36766217623
1600710394 36766217623
1600710395 36766217623
1600710396 36766217623
1600710397 36766217623
1600710398 36766217623
1600710399 36766217623
1600710400 36766217623
1600710401 36766217623
1600710402 36766217623
1600710403 36766217623
1600710404 36766217623
1600710405 36766217623
1600710406 36766217623
1600710407 36766217623
1600710408 36766217623
1600710409 36766217623
1600710410 36766217623
1600710411 36766217623
1600710412 36766217623
1600710413 36766217623
1600710414 36766217623
1600710415 36766217623
1600710416 36766217623
1600710417 36766217623
1600710418 36766217623
1600710419 36766217623
1600710420 36766217623
1600710421 36766217623
1600710422 36766217623
1600710423 36766217623
1600710424 36766217623
1600710425 36766217623
1600710426 36766217623
1600710427 36766217623
1600710428 36766217623
1600710429 36766217623
1600710430 36766217623
1600710431 36766217623
1600710432 36766217623
1600710433 36766217623
1600710434 36766217623
1600710435 36766217623
1600710436 36766217623
1600710437 36766217623
1600710438 36766217623
1600710439 36766217623
1600710440 36766217623
1600710441 36766217623
1600710442 36766217623
1600710443 36766217623
1600710444 36766217623
1600710445 36766217623
1600710446 36766217623
1600710447 36766217623
1600710448 36766217623
1600710449 36766217623
1600710450 36766217623
1600710451 36766217623
1600710452 36766217623
1600710453 36766217623
1600710454 36766217623
1600710455 36766217623
1600710456 36766217623
1600710457 36766217623
1600710458 36766217623
1600710459 36766217623
1600710460 36766217623
1600710461 36766217623
1600710462 36766217623
1600710463 36766217623
1600710464 36766217623
1600710465 36766217623
1600710466 36766217623
1600710467 36766217623
1600710468 36766217623
1600710469 36766217623
1600710470 36766217623
1600710471 36766217623
1600710472 36766217623
1600710473 36766217623
1600710474 36766217623
1600710475 36766217623
1600710476 36766217623
1600710477 36766217623
1600710478 36766217623
1600710479 36766217623
1600710480 36766217623
1600710481 36766217623
1600710482 36766217623
1600710483 36766217623
1600710484 36766217623
1600710485 36766217623
1600710486 36766217623
1600710487 36766217623
1600710488 36766217623
1600710489 36766217623
1600710490 36766217623
1600710491 36766217623
1600710492 36766217623
1600710493 36766217623
1600710494 36766217623
1600710495 36766217623
1600710496 36766217623
1600710497 36766217623
1600710498 36766217623
1600710499 36766217623
1600710500 36766217623
1600710501 36766217623
1600710502 36766217623
1600710503 36766217623
1600710504 36766217623
1600710505 36766217623
1600710506 36766217623
1600710507 36766217623
1600710508 36766217623
1600710509 36766217623
1600710510 36766217623
1600710511 36766217623
1600710512 36766217623
1600710513 36766217623
1600710514 36766217623
1600710515 36766217623
1600710516 36766217623
1600710517 36766217623
1600710518 36766217623
1600710519 36766217623
1600710520 36766217623
1600710521 36766217623
1600710522 36766217623
1600710523 36766217623
1600710524 36766217623
1600710525 36766217623
1600710526 36766217623
