1600703643 3083362
1600703644 3083362
1600703645 3083362
1600703646 3083362
1600703647 3083362
1600703648 3083362
1600703649 3083362
1600703650 3083362
1600703651 3083362
1600703652 3083362
1600703653 3083362
1600703654 3083362
1600703655 3083362
1600703656 3083362
1600703657 3083362
1600703658 3083362
1600703659 3083362
1600703660 3083362
1600703661 3083362
1600703662 3083362
1600703663 3083362
1600703664 3083362
1600703665 3083362
1600703666 3083362
1600703667 3083362
1600703668 3083362
1600703669 3083362
1600703670 3083362
1600703671 3083362
1600703672 3083362
1600703673 3083362
1600703674 3083362
1600703675 3083362
1600703676 3083362
1600703677 3083362
1600703678 3083362
1600703679 3083362
1600703680 3083362
1600703681 3083362
1600703682 3083362
1600703683 3083362
1600703684 3083362
1600703685 3083362
1600703686 3083362
1600703687 3083362
1600703688 3083362
1600703689 3083362
1600703690 3083362
1600703691 3083362
1600703692 3083362
1600703693 3083362
1600703694 3083362
1600703695 3083362
1600703696 3083362
1600703697 3083362
1600703698 3083362
1600703699 3083362
1600703700 3083362
1600703701 3083362
1600703702 3083362
1600703703 3083362
1600703704 3083362
1600703705 3083362
1600703706 3083362
1600703707 3083362
1600703708 3083362
1600703709 3083362
1600703710 3083362
1600703711 3083362
1600703712 3083362
1600703713 3083362
1600703714 3083362
1600703715 3083362
1600703716 3083362
1600703717 3083362
1600703718 3083362
1600703719 3083362
1600703720 22251528
1600703721 62545124
1600703722 102158698
1600703723 142910928
1600703724 179590146
1600703725 218785544
1600703726 257980942
1600703727 298626182
1600703728 338701602
1600703729 375704346
1600703730 417777788
1600703731 454095274
1600703732 494250086
1600703733 532486136
1600703734 571681468
1600703735 610876866
1600703736 651579726
1600703737 689267662
1600703738 730377398
1600703739 769528890
1600703740 806991000
1600703741 846186398
1600703742 886204000
1600703743 924577128
1600703744 963772526
1600703745 1003379092
1600703746 1042163388
1600703747 1082455212
1600703748 1120691394
1600703749 1159886792
1600703750 1204048274
1600703751 1264402584
1600703752 1325947874
1600703753 1387779130
1600703754 1458258750
1600703755 1530277204
1600703756 1603476656
1600703757 1674235774
1600703758 1742660110
1600703759 1809491854
1600703760 1883292898
1600703761 1957378118
1600703762 2030882742
1600703763 2099706348
1600703764 2168841912
1600703765 2242915630
1600703766 2315788208
1600703767 2389032330
1600703768 2464403828
1600703769 2543583026
1600703770 2618746500
1600703771 2696218242
1600703772 2774522756
1600703773 2853253412
1600703774 2931121576
1600703775 3010330600
1600703776 3092435734
1600703777 3174605026
1600703778 3254075810
1600703779 3336123808
1600703780 3415061674
1600703781 3494040184
1600703782 3579163146
1600703783 3663522124
1600703784 3747283850
1600703785 3831145276
1600703786 3918497762
1600703787 4006823436
1600703788 4091215258
1600703789 4173634482
1600703790 4261198186
1600703791 4348363862
1600703792 4441094744
1600703793 4530359934
1600703794 4616430076
1600703795 4700036834
1600703796 4782720420
1600703797 4869319026
1600703798 4952602702
1600703799 5035638856
1600703800 5116959510
1600703801 5197500734
1600703802 5281797612
1600703803 5362168174
1600703804 5440240612
1600703805 5521711980
1600703806 5596618644
1600703807 5674339834
1600703808 5757703702
1600703809 5840832900
1600703810 5922420846
1600703811 5999721316
1600703812 6081843222
1600703813 6159764334
1600703814 6239285962
1600703815 6318129530
1600703816 6393431540
1600703817 6474145634
1600703818 6553706610
1600703819 6630356756
1600703820 6708546900
1600703821 6789139032
1600703822 6865394420
