1600683092 65701529773
1600683093 65701529773
1600683094 65701529773
1600683095 65701529773
1600683096 65701529773
1600683097 65701529773
1600683098 65701529773
1600683099 65701529773
1600683100 65701529773
1600683101 65701529773
1600683102 65701529773
1600683103 65701529773
1600683104 65701529773
1600683105 65701529773
1600683106 65701529773
1600683107 65701529773
1600683108 65701529773
1600683109 65701529773
1600683110 65704995960
1600683111 65709025132
1600683112 65712636440
1600683113 65716885264
1600683114 65720781844
1600683115 65724631672
1600683116 65728498846
1600683117 65732515906
1600683118 65736442888
1600683119 65740460822
1600683120 65744259754
1600683121 65747865006
1600683122 65752250842
1600683123 65755824188
1600683124 65760063166
1600683125 65763903210
1600683126 65767466710
1600683127 65771841074
1600683128 65775422864
1600683129 65779666384
1600683130 65783229884
1600683131 65787067540
1600683132 65791075516
1600683133 65794879864
1600683134 65798854532
1600683135 65802830074
1600683136 65807009894
1600683137 65811046636
1600683138 65814480054
1600683139 65818538866
1600683140 65825895221
1600683141 65833423553
1600683142 65841377431
1600683143 65849191269
1600683144 65857070209
1600683145 65864818945
1600683146 65872631269
1600683147 65880582119
1600683148 65888395957
1600683149 65896208281
1600683150 65904022119
1600683151 65911835957
1600683152 65919785293
1600683153 65927597617
1600683154 65935411455
1600683155 65943225293
1600683156 65951037617
1600683157 65958986953
1600683158 65966802305
1600683159 65974614629
1600683160 65982563965
1600683161 65990380831
1600683162 65998194669
1600683163 66006040301
1600683164 66013822345
1600683165 66021771681
1600683166 66029585519
1600683167 66037400871
1600683168 66045213195
1600683169 66053193573
1600683170 66064407094
1600683171 66076474176
1600683172 66087818440
1600683173 66099804528
1600683174 66111973282
1600683175 66123704956
1600683176 66135029304
1600683177 66146515010
1600683178 66158335310
1600683179 66170777346
1600683180 66182272776
1600683181 66193532022
1600683182 66205470414
1600683183 66217731288
1600683184 66229230620
1600683185 66240684532
1600683186 66252354194
1600683187 66264764954
1600683188 66276658800
1600683189 66287834776
1600683190 66299521844
1600683191 66311897030
1600683192 66323040572
1600683193 66335526392
1600683194 66346980944
1600683195 66358295568
1600683196 66370881312
1600683197 66381752222
1600683198 66393938270
1600683199 66405315608
1600683200 66420319383
1600683201 66436096249
1600683202 66451722411
1600683203 66467814245
1600683204 66482976249
1600683205 66499551801
1600683206 66514501083
1600683207 66530193861
1600683208 66546202303
1600683209 66561921581
1600683210 66577229041
1600683211 66593126961
1600683212 66608588097
1600683213 66624713117
1600683214 66640581519
1600683215 66655552119
1600683216 66671520435
1600683217 66687006557
1600683218 66703031653
1600683219 66719248387
1600683220 66734095479
1600683221 66750134323
1600683222 66765397765
1600683223 66781525813
1600683224 66796880207
1600683225 66812506369
1600683226 66828542185
1600683227 66844545333
1600683228 66859829209
1600683229 66875386479
1600683230 66891086827
1600683231 66906675891
1600683232 66922165915
1600683233 66937929089
1600683234 66953877723
1600683235 66969316911
1600683236 66985186125
1600683237 67001158231
1600683238 67016467967
1600683239 67032882283
1600683240 67047746029
1600683241 67063492549
1600683242 67079741717
1600683243 67095027229
1600683244 67110654143
1600683245 67126453663
1600683246 67142360667
1600683247 67157669641
1600683248 67173295803
1600683249 67189252769
1600683250 67204551155
1600683251 67220312815
1600683252 67236079017
1600683253 67252083679
1600683254 67268017935
1600683255 67283411693
1600683256 67298906259
1600683257 67314623251
1600683258 67330927807
1600683259 67345875575
1600683260 67361927923
1600683261 67377953263
1600683262 67393714923
1600683263 67409341085
1600683264 67424281923
1600683265 67440364551
1600683266 67455674287
1600683267 67471437461
1600683268 67486927485
1600683269 67503261437
1600683270 67518452319
1600683271 67534146611
