1600683092 62284815107
1600683093 62284815107
1600683094 62284815107
1600683095 62284815107
1600683096 62284815107
1600683097 62284815107
1600683098 62284815107
1600683099 62284815107
1600683100 62284815107
1600683101 62284815107
1600683102 62284815107
1600683103 62284815107
1600683104 62284815107
1600683105 62284815107
1600683106 62284815107
1600683107 62284815107
1600683108 62284815107
1600683109 62284815107
1600683110 62288178342
1600683111 62292172626
1600683112 62295917166
1600683113 62299948614
1600683114 62303939936
1600683115 62307714046
1600683116 62311541856
1600683117 62315734540
1600683118 62319558570
1600683119 62323540808
1600683120 62327395052
1600683121 62331266768
1600683122 62335241436
1600683123 62339112334
1600683124 62343224776
1600683125 62347117688
1600683126 62350752468
1600683127 62354954236
1600683128 62358717706
1600683129 62362722654
1600683130 62366641304
1600683131 62370339672
1600683132 62374402152
1600683133 62378298854
1600683134 62382126664
1600683135 62386219424
1600683136 62390044968
1600683137 62394036290
1600683138 62397751312
1600683139 62401865268
1600683140 62409148951
1600683141 62416672741
1600683142 62424622077
1600683143 62432434401
1600683144 62440246659
1600683145 62448059025
1600683146 62455871283
1600683147 62463820619
1600683148 62471632877
1600683149 62479570863
1600683150 62487257393
1600683151 62495069717
1600683152 62503018921
1600683153 62510831179
1600683154 62518643545
1600683155 62526455803
1600683156 62534268061
1600683157 62542217397
1600683158 62550029721
1600683159 62557841979
1600683160 62565791315
1600683161 62573603507
1600683162 62581415765
1600683163 62589228023
1600683164 62597040347
1600683165 62604989683
1600683166 62612802007
1600683167 62620614331
1600683168 62628426589
1600683169 62636329753
1600683170 62647478106
1600683171 62659290770
1600683172 62670907422
1600683173 62682888902
1600683174 62694745472
1600683175 62706602836
1600683176 62718055996
1600683177 62729906576
1600683178 62741492074
1600683179 62753808966
1600683180 62765237074
1600683181 62776715906
1600683182 62788519552
1600683183 62800598746
1600683184 62812329696
1600683185 62823948634
1600683186 62835513764
1600683187 62847854814
1600683188 62859338940
1600683189 62871239482
1600683190 62882694908
1600683191 62894755182
1600683192 62906445278
1600683193 62918050590
1600683194 62929819390
1600683195 62941459392
1600683196 62953394690
1600683197 62965185406
1600683198 62976820236
1600683199 62988603448
1600683200 63003472453
1600683201 63019373467
1600683202 63034858761
1600683203 63050788475
1600683204 63066108057
1600683205 63082214711
1600683206 63097776457
1600683207 63113322311
1600683208 63129141371
1600683209 63144866639
1600683210 63160351105
1600683211 63176027915
1600683212 63191784215
1600683213 63207833469
1600683214 63223071981
1600683215 63238663255
1600683216 63254704177
1600683217 63270049407
1600683218 63286115249
1600683219 63301722481
1600683220 63317197111
1600683221 63333044937
1600683222 63348582469
1600683223 63364501585
1600683224 63379969571
1600683225 63395742525
1600683226 63411496615
1600683227 63426990175
1600683228 63442878879
1600683229 63458499671
1600683230 63473991021
1600683231 63489861557
1600683232 63505290081
1600683233 63521051585
1600683234 63536900295
1600683235 63552387865
1600683236 63568350749
1600683237 63584218389
1600683238 63599541685
1600683239 63615297223
1600683240 63630851409
1600683241 63646546387
1600683242 63662308089
1600683243 63678056753
1600683244 63693760881
1600683245 63709231863
1600683246 63724943561
1600683247 63740705155
1600683248 63756329671
1600683249 63772091265
1600683250 63787578769
1600683251 63803679565
1600683252 63819102089
1600683253 63834726539
1600683254 63850812195
1600683255 63866376903
1600683256 63881737297
1600683257 63897741817
1600683258 63913312657
1600683259 63929228721
1600683260 63944646703
1600683261 63960764783
1600683262 63976543219
1600683263 63991997293
1600683264 64007592455
1600683265 64023043679
1600683266 64038734877
1600683267 64054429723
1600683268 64070188365
1600683269 64085818241
1600683270 64101702403
1600683271 64117064931
