1600683092 56094203480
1600683093 56094203480
1600683094 56094203480
1600683095 56094203480
1600683096 56094203480
1600683097 56094203480
1600683098 56094203480
1600683099 56094203480
1600683100 56094203480
1600683101 56094203480
1600683102 56094203480
1600683103 56094203480
1600683104 56094203480
1600683105 56094203480
1600683106 56094203480
1600683107 56094203480
1600683108 56094203480
1600683109 56094203480
1600683110 56097305227
1600683111 56101390063
1600683112 56105167975
1600683113 56108989457
1600683114 56112724649
1600683115 56116448825
1600683116 56120279271
1600683117 56123973073
1600683118 56127806839
1600683119 56131651757
1600683120 56135368379
1600683121 56138959683
1600683122 56142626171
1600683123 56146679901
1600683124 56150532071
1600683125 56154230743
1600683126 56158054403
1600683127 56161563489
1600683128 56165514415
1600683129 56169347893
1600683130 56173060919
1600683131 56176553617
1600683132 56180346873
1600683133 56184405215
1600683134 56187925315
1600683135 56191684883
1600683136 56195764829
1600683137 56199380501
1600683138 56202895963
1600683139 56207024651
1600683140 56214122442
1600683141 56221178472
1600683142 56228855546
1600683143 56236401028
1600683144 56244045972
1600683145 56251490336
1600683146 56259033182
1600683147 56266713696
1600683148 56274258188
1600683149 56281804928
1600683150 56289347770
1600683151 56296895100
1600683152 56304569480
1600683153 56312503364
1600683154 56319647902
1600683155 56327195100
1600683156 56334736890
1600683157 56342406254
1600683158 56349952722
1600683159 56357496558
1600683160 56365170410
1600683161 56372717996
1600683162 56380266184
1600683163 56387810350
1600683164 56395353716
1600683165 56403024796
1600683166 56410566252
1600683167 56418114766
1600683168 56425657480
1600683169 56433193594
1600683170 56441231120
1600683171 56448424210
1600683172 56455966742
1600683173 56463910712
1600683174 56471456264
1600683175 56478842530
1600683176 56486274330
1600683177 56493818624
1600683178 56501492872
1600683179 56509303926
1600683180 56516771156
1600683181 56524128130
1600683182 56531673150
1600683183 56539745828
1600683184 56546888918
1600683185 56554466388
1600683186 56561983838
1600683187 56569920692
1600683188 56577509422
1600683189 56585015616
1600683190 56592297440
1600683191 56599957364
1600683192 56607685756
1600683193 56615423336
1600683194 56622601528
1600683195 56630143442
1600683196 56638155816
1600683197 56645232694
1600683198 56652914784
1600683199 56660453274
1600683200 56667997346
1600683201 56675672584
1600683202 56683218264
1600683203 56690760974
1600683204 56698301444
1600683205 56705846860
1600683206 56713527708
1600683207 56721069234
1600683208 56728686130
1600683209 56736158354
1600683210 56743697830
1600683211 56751375180
1600683212 56758925204
1600683213 56766860144
1600683214 56774145062
1600683215 56781562578
1600683216 56789240654
1600683217 56796783764
1600683218 56804671906
1600683219 56812006332
1600683220 56819548580
1600683221 56827094986
1600683222 56834636578
1600683223 56842174144
1600683224 56849855626
1600683225 56857404078
1600683226 56864945340
1600683227 56872691038
1600683228 56880180568
1600683229 56887706196
1600683230 56895249170
1600683231 56902792016
1600683232 56910328476
1600683233 56917877714
1600683234 56925557770
1600683235 56933097712
1600683236 56940634746
1600683237 56948480204
1600683238 56955858700
1600683239 56963400610
1600683240 56970942202
1600683241 56978487816
1600683242 56986161734
1600683243 56993951528
1600683244 57001251494
1600683245 57008806592
1600683246 57016345098
1600683247 57024019412
1600683248 57031559222
1600683249 57039103966
1600683250 57046648990
1600683251 57054193618
1600683252 57061871620
1600683253 57069412024
1600683254 57076950580
1600683255 57084620340
1600683256 57092038058
1600683257 57099713032
1600683258 57107652786
1600683259 57114799776
1600683260 57122479036
1600683261 57130289360
1600683262 57137963674
1600683263 57145446348
1600683264 57152656602
1600683265 57160340280
1600683266 57167882994
1600683267 57175420824
1600683268 57183108800
1600683269 57190505654
1600683270 57198181680
1600683271 57205728478
