1600683092 2751347816
1600683093 2751347816
1600683094 2751347816
1600683095 2751347816
1600683096 2751347816
1600683097 2751347816
1600683098 2751347816
1600683099 2751347816
1600683100 2751347816
1600683101 2751347816
1600683102 2751347816
1600683103 2751347816
1600683104 2751347816
1600683105 2751347816
1600683106 2751347816
1600683107 2751347816
1600683108 2751347816
1600683109 2751347816
1600683110 2751347816
1600683111 2751347816
1600683112 2751347816
1600683113 2751347816
1600683114 2751347816
1600683115 2751347816
1600683116 2751347816
1600683117 2751347816
1600683118 2751347816
1600683119 2751347816
1600683120 2751347816
1600683121 2751347816
1600683122 2751347816
1600683123 2751347816
1600683124 2751347816
1600683125 2751347816
1600683126 2751347816
1600683127 2751347816
1600683128 2751347816
1600683129 2751347816
1600683130 2751347816
1600683131 2751347816
1600683132 2751347816
1600683133 2751347816
1600683134 2751347816
1600683135 2751347816
1600683136 2751347816
1600683137 2751347816
1600683138 2751347816
1600683139 2751347816
1600683140 2751347816
1600683141 2751347816
1600683142 2751347816
1600683143 2751347816
1600683144 2751347816
1600683145 2751347816
1600683146 2751347816
1600683147 2751347816
1600683148 2751347816
1600683149 2751347816
1600683150 2751347816
1600683151 2751347816
1600683152 2751347816
1600683153 2751347816
1600683154 2751347816
1600683155 2751347816
1600683156 2751347816
1600683157 2751347816
1600683158 2751347816
1600683159 2751347816
1600683160 2751347816
1600683161 2751347816
1600683162 2751347816
1600683163 2751347816
1600683164 2751347816
1600683165 2751347816
1600683166 2751347816
1600683167 2751347816
1600683168 2751347816
1600683169 2751347816
1600683170 2754780473
1600683171 2758438715
1600683172 2762046495
1600683173 2766125175
1600683174 2769962159
1600683175 2773493493
1600683176 2777086499
1600683177 2781242353
1600683178 2784859777
1600683179 2788796249
1600683180 2792515111
1600683181 2795946545
1600683182 2800121879
1600683183 2803856669
1600683184 2807593701
1600683185 2811165417
1600683186 2814810617
1600683187 2818993327
1600683188 2822705989
1600683189 2826331467
1600683190 2829975109
1600683191 2834065661
1600683192 2837544813
1600683193 2841584945
1600683194 2845012419
1600683195 2849033531
1600683196 2852918847
1600683197 2856723753
1600683198 2860443671
1600683199 2863888785
1600683200 2870993742
1600683201 2878465488
1600683202 2886013116
1600683203 2893581714
1600683204 2900987350
1600683205 2909051778
1600683206 2916327872
1600683207 2924049330
1600683208 2931550408
1600683209 2939195566
1600683210 2946465176
1600683211 2954001752
1600683212 2961542746
1600683213 2969551086
1600683214 2976616030
1600683215 2984558996
1600683216 2992037678
1600683217 2999352794
1600683218 3007057306
1600683219 3014931526
1600683220 3022448020
1600683221 3029767892
1600683222 3037169040
1600683223 3045163148
1600683224 3052601524
1600683225 3059944398
1600683226 3067645812
1600683227 3075371386
1600683228 3082651416
1600683229 3090262830
1600683230 3097720278
1600683231 3105385150
1600683232 3112967112
1600683233 3120463578
1600683234 3128132084
1600683235 3135532964
1600683236 3143539134
1600683237 3151107760
1600683238 3158271124
1600683239 3166099958
1600683240 3173351714
1600683241 3181168506
1600683242 3188547814
1600683243 3196245258
1600683244 3203764038
1600683245 3211528964
1600683246 3218829860
1600683247 3226365050
1600683248 3234223102
1600683249 3241578708
1600683250 3249354228
1600683251 3256643016
1600683252 3264179786
1600683253 3271714712
1600683254 3279652810
1600683255 3286916226
1600683256 3294455306
1600683257 3302387008
1600683258 3309891708
1600683259 3317571536
1600683260 3324739928
1600683261 3332675792
1600683262 3340211972
1600683263 3347745314
1600683264 3355401160
1600683265 3362584362
1600683266 3370193924
1600683267 3377759210
1600683268 3385367528
1600683269 3393139122
1600683270 3400749022
1600683271 3407914374
