t	iperf_only_UDP_payload	iperf_with_eth	data_mean	n1_mean	n1_mean_low	n1_mean_high	n2_mean	n2_mean_low	n2_mean_high	n5	n10	n20_mean	n20_mean_low	n20_mean_high	n50	n100
0	0	0	0	0	0	0	0	0	0	0	0	0	0	0	0	0
1	0	0	0	0	0	0	0	0	0	0	0	0	0	0	0	0
2	0	0	0	0	0	0	0	0	0	0	0	0	0	0	0	0
3	0	0	0	0	0	0	0	0	0	0	0	0	0	0	0	0
4	0	0	0	0	0	0	0	0	0	0	0	0	0	0	0	0
5	3.00E+07	3.09E+07	9489146	2869823	2862377	2877268	3757799	1686495	5829103	2697649	2846744	2901621	2007980	3795262	5168426	5089066
6	3.00E+07	3.09E+07	29143608	11486166	11482035	11490297	12086899	10686317	13487482	11273647	10735803	10564841	8299617	12830064	15239472	13240906
7	3.00E+07	3.09E+07	30062417	17475486	17455843	17495128	17827798	16704129	18951467	17838846	16533787	17301511	14155117	20447904	20169069	16764901
8	3.00E+07	3.09E+07	32710915	21665601	21659140	21672061	22035761	21172766	22898756	21914485	21386925	21999654	19826580	24172728	23577761	21678683
9	3.00E+07	3.09E+07	30496480	24617268	24613011	24621524	24887826	24237609	25538043	24788107	24119791	25263693	22746049	27781337	26217739	24829104
10	3.00E+07	3.09E+07	30844071	26686954	26682042	26691867	26833891	26373871	27293912	26769861	26137074	27284937	25763012	28806861	28254017	29713492
11	3.00E+07	3.09E+07	31827093	28135035	28131765	28138305	28438662	27356622	29520702	28219075	27844079	29127178	27655649	30598706	29294291	29294271
12	3.00E+07	3.09E+07	31152906	29146924	29142518	29151331	30457319	27098208	33816429	29210848	28836727	29630005	27936848	31323162	30328163	31501189
13	3.00E+07	3.09E+07	30847573	29858071	29855274	29860869	31869453	26846992	36891913	29728924	29439980	29977995	28469148	31486843	30545127	32951578
14	3.00E+07	3.09E+07	31625582	30352347	30348104	30356589	32795574	26945111	38646038	30244371	30095660	30133076	29264244	31001908	30336575	32064771
15	3.00E+07	3.09E+07	30372622	30700104	30697780	30702427	33422303	26941822	39902784	30495867	30178748	31039531	29609219	32469844	31439602	30646833
16	3.00E+07	3.09E+07	31680444	30944736	30941002	30948469	33661157	27378650	39943664	30909408	30629257	31005335	29671594	32339076	30316788	32077635
17	3.00E+07	3.09E+07	32352160	31112868	31109402	31116333	32937784	28582855	37292713	30969454	31146127	30784993	29771507	31798479	30432151	32073704
18	3.00E+07	3.09E+07	33000088	31233524	31229846	31237203	32573422	29665695	35481150	31291735	31702315	30311809	29372586	31251032	30395518	31067699
19	3.00E+07	3.09E+07	31510702	31315517	31311734	31319300	32261371	30185641	34337100	31396971	31644831	30317338	29244984	31389691	30519342	32749522
20	3.00E+07	3.09E+07	32480231	31373618	31370230	31377006	32019573	30579606	33459540	31436370	31895450	30889122	29546900	32231345	30182472	33633732
21	3.00E+07	3.09E+07	31076000	31416754	31412473	31421034	31983293	30874860	33091726	31356783	31649615	31217041	30049485	32384597	30520423	32705852
22	3.00E+07	3.09E+07	31530702	31444485	31441410	31447559	31856576	31055912	32657239	31434497	31613940	30936494	29589787	32283200	32024082	32017189
23	3.00E+07	3.09E+07	32347893	31465304	31461477	31469131	31804417	31210628	32398207	31510785	31834126	31140622	29375532	32905713	33751844	30125845
24	3.00E+07	3.09E+07	31363093	31478821	31473519	31484124	31653857	31153952	32153762	31505933	31692815	30912686	29242849	32582523	32090983	29974384
25	3.00E+07	3.09E+07	30523555	31489340	31486029	31492651	31608908	31121656	32096159	31609416	31342037	30708234	28914386	32502082	31633981	29900575
26	3.00E+07	3.09E+07	30986560	31494586	31491760	31497412	31643766	31275006	32012526	31627482	31235393	30912222	29078165	32746279	31166506	29984375
27	3.00E+07	3.09E+07	32175715	31499671	31496008	31503335	31624819	31319261	31930377	31656375	31517489	31417307	29566861	33267752	30846580	32336529
28	3.00E+07	3.09E+07	30860337	31503946	31500244	31507648	31639645	31436631	31842658	31523665	31320343	31470514	30397827	32543201	30938072	33595410
29	3.00E+07	3.09E+07	31770560	31503777	31500392	31507161	31542189	31335182	31749195	31410391	31455408	32656506	31672207	33640804	30922863	32655933
30	3.00E+07	3.09E+07	31333155	31506456	31503155	31509757	31541360	31263307	31819413	31483673	31418731	32949186	30907908	34990463	31561017	34429339
31	3.00E+07	3.09E+07	30185724	31509741	31505685	31513797	31530383	31274318	31786448	31589144	31048829	32825315	31977060	33673569	31127912	33019043
32	3.00E+07	3.09E+07	31390240	31509586	31505666	31513506	31409603	31228817	31590389	31481936	31151252	32403384	31320428	33486339	30984898	31531783
33	3.00E+07	3.09E+07	30513511	31509817	31507312	31512322	31425623	31261547	31589699	31394696	30959929	31641131	31013063	32269198	31406814	31480461
34	3.00E+07	3.09E+07	31622666	31510334	31507472	31513195	31449186	31270477	31627894	31427785	31158750	31659799	30509905	32809693	32002263	32582829
35	3.00E+07	3.09E+07	31267608	31508579	31504407	31512751	31407157	31235801	31578513	31285630	31191407	31812141	31160218	32464064	32193770	32025473
36	3.00E+07	3.09E+07	31547857	31511239	31507517	31514961	31497878	31325665	31670090	31229959	31298342	31508306	30830921	32185692	32252065	31793830
37	3.00E+07	3.09E+07	34155644	31509567	31505583	31513551	31457380	31314331	31600428	31367416	32155532	31100667	30607261	31594074	31690872	31512321
38	3.00E+07	3.09E+07	30737831	31512269	31510011	31514527	31517439	31335700	31699177	31314156	31730221	31454157	30471906	32436408	31914436	31550090
39	3.00E+07	3.09E+07	29271555	31511344	31507392	31515296	31512750	31290500	31734999	31444157	30992621	31061909	30139087	31984731	31118931	30188423
40	3.00E+07	3.09E+07	31684355	31510696	31506773	31514619	31406786	31207716	31605855	31465656	31200141	31378173	30684295	32072051	31403731	31449335
41	3.00E+07	3.09E+07	30737102	31512720	31509744	31515696	31433073	31280158	31585987	31513081	31061228	31433371	30433016	32433727	31127918	31644614
42	3.00E+07	3.09E+07	30945706	31512010	31509289	31514731	31495665	31333235	31658096	31456548	31026571	31391701	30590705	32192696	31359355	31115816
43	3.00E+07	3.09E+07	31771591	31511515	31508295	31514736	31430162	31254284	31606039	31369503	31250077	31683161	31036714	32329607	32070375	30747577
44	3.00E+07	3.09E+07	31539875	31510476	31507389	31513563	31404983	31254132	31555835	31574036	31337016	31963641	31033028	32894254	31912515	30842130
45	3.00E+07	3.09E+07	30650791	31509383	31506581	31512185	31464527	31291477	31637577	31533350	31131148	32094890	31489592	32700187	31936280	31627144
46	3.00E+07	3.09E+07	31305493	31510381	31507686	31513076	31437938	31298322	31577554	31581107	31183451	31898145	31066246	32730043	31643129	31427853
47	3.00E+07	3.09E+07	31485955	31511431	31507411	31515450	31507838	31298819	31716857	31753513	31274202	31369938	30701668	32038208	32082883	32255923
48	3.00E+07	3.09E+07	31233600	31512178	31509998	31514358	31502575	31344161	31660990	31603666	31262021	31140535	30315557	31965512	31663964	32248372
49	3.00E+07	3.09E+07	31152711	31510574	31507153	31513995	31561074	31293164	31828984	31317761	31229227	31344528	30079930	32609126	30727361	32572367
50	3.00E+07	3.09E+07	31317511	31512626	31510888	31514363	31604429	31428901	31779956	31260219	31255712	31040455	29696505	32384405	31555792	31608656
51	3.00E+07	3.09E+07	31619520	31510899	31506641	31515158	31530443	31351674	31709212	31288843	31364854	32031976	30871202	33192750	31965561	33372245
52	3.00E+07	3.09E+07	31820337	31507566	31506005	31509126	31515701	31291097	31740305	31271643	31501498	32174383	30854105	33494660	32249865	31542224
53	3.00E+07	3.09E+07	31909368	31511961	31509351	31514570	31495123	31178797	31811448	31340811	31623859	32053747	31049259	33058236	31734638	30083503
54	3.00E+07	3.09E+07	31624693	31511272	31508422	31514122	31548070	31257239	31838901	31318850	31624109	32010647	30694276	33327017	31338300	30414505
55	3.00E+07	3.09E+07	30724355	31511361	31507953	31514770	31602914	31411408	31794421	31204767	31354182	31983260	30984992	32981528	31568036	32365620
56	3.00E+07	3.09E+07	30961528	31514439	31511358	31517520	31622697	31429168	31816225	31269123	31236386	31770820	30478014	33063627	31378371	32599186
57	3.00E+07	3.09E+07	32425013	31513725	31510333	31517116	31570525	31347488	31793562	31360799	31592973	32069131	30907918	33230344	30332646	32193510
58	3.00E+07	3.09E+07	31642613	31510105	31506912	31513298	31634782	31489709	31779856	31232452	31607865	32034631	30688656	33380606	30812265	32480630
59	3.00E+07	3.09E+07	31352586	31515061	31512020	31518102	31486610	31321990	31651230	31138825	31531281	32120860	31000523	33241196	31350425	31484173
60	3.00E+07	3.09E+07	31433582	31510336	31505594	31515077	31621158	31471304	31771012	31139940	31501970	32278478	31312974	33243982	30966097	30887987
61	3.00E+07	3.09E+07	32293600	31509842	31506500	31513184	31563454	31466066	31660843	31369272	31739459	31941270	31003847	32878694	30490720	30408471
62	3.00E+07	3.09E+07	31373955	31511057	31507492	31514622	31620567	31465697	31775437	31498191	31629807	32109395	31199763	33019027	31699103	31465982
63	3.00E+07	3.09E+07	32009120	31513312	31511003	31515621	31636027	31439500	31832554	31517125	31743600	31880811	30689355	33072266	31813452	31029920
64	3.00E+07	3.09E+07	30611146	31509959	31507051	31512867	31587874	31422573	31753175	31611918	31403864	32090316	31230961	32949671	33242403	31288837
65	6.00E+07	6.18E+07	40802782	33909095	33291413	34526778	33815481	33066837	34564125	34240079	34223539	35488874	34217758	36759991	39699735	38790505
66	6.00E+07	6.18E+07	64141813	41040289	38621745	43458833	41158197	38373511	43942884	43013567	43199021	43845667	41872884	45818450	45597627	42856393
67	6.00E+07	6.18E+07	61457724	46101219	42405301	49797137	46565948	42228000	50903896	49004099	48676631	50071209	47132175	53010243	50859431	46582515
68	6.00E+07	6.18E+07	56207022	49676756	45065964	54287548	50579041	45122089	56035992	53571943	50935748	54230251	50750592	57709910	58796428	53822213
69	6.00E+07	6.18E+07	62647377	52211513	46952959	57470067	52483993	46380527	58587458	56857731	54449236	55079191	52447334	57711049	61986859	52592349
70	6.00E+07	6.18E+07	65417066	54016216	48319087	59713344	54826520	48046058	61606982	59054912	57739585	58919188	56209467	61628908	64933201	52042697
71	6.00E+07	6.18E+07	62854222	55338343	49323154	61353531	56722955	50382752	63063159	61589555	59273976	60598343	57889973	63306712	65749507	54848874
72	6.00E+07	6.18E+07	60008568	56270135	50025461	62514809	58874301	54218781	63529820	62287411	59494353	61528941	59325530	63732351	64414921	55383971
73	6.00E+07	6.18E+07	65658826	56924927	50525354	63324499	59802692	56255866	63349519	62480901	61343695	62801245	60758343	64844146	61114604	57894166
74	6.00E+07	6.18E+07	63301031	57428584	50903584	63953584	60699061	58145157	63252965	62347830	61930895	63761222	60183721	67338724	65986329	57704475
75	6.00E+07	6.18E+07	70169422	57741393	51135584	64347203	61399283	59544091	63254475	63927747	64402452	64027170	59696294	68358045	64759976	55304972
76	6.00E+07	6.18E+07	59912195	57927561	51280978	64574144	62335006	60764854	63905158	63336633	63055375	65438453	61958061	68918845	63753663	56400947
77	6.00E+07	6.18E+07	62036106	57986380	51318771	64653990	62660541	60998898	64322184	63786477	62749594	63377508	60858008	65897009	63487937	59872822
78	6.00E+07	6.18E+07	66431377	58081552	51388653	64774451	62980524	61851790	64109258	63295867	63854128	64763583	61571859	67955307	63137928	58233802
79	6.00E+07	6.18E+07	64506666	58253664	51521363	64985964	63273941	61900684	64647197	63207647	64049889	64074881	59699365	68450397	61149882	64972514
80	6.00E+07	6.18E+07	68271377	58518213	52201730	64834696	63013109	61852329	64173890	62833139	65316335	64323253	59562394	69084113	64606997	65504866
81	6.00E+07	6.18E+07	61110435	59445267	55124823	63765710	63346951	62121609	64572292	63913874	64054565	63598213	60287062	66909364	65345377	66580019
82	6.00E+07	6.18E+07	63422791	60112299	57167637	63056962	63381640	62555112	64208169	64393658	63865032	64997458	59718201	70276714	66130457	65594066
83	6.00E+07	6.18E+07	65336231	60498747	58514305	62483189	63361787	62364500	64359073	62904555	64306391	63288086	58548304	68027869	65779479	60169072
84	6.00E+07	6.18E+07	64819626	60882509	59543020	62221997	63401765	62535799	64267732	63204844	64460361	62042577	57495783	66589371	64177261	58202563
85	6.00E+07	6.18E+07	58313440	61131391	60192777	62070004	63321565	62705597	63937532	63281193	62616284	63650849	59668217	67633480	59206909	72282434
86	6.00E+07	6.18E+07	62944408	61263412	60509991	62016833	63500238	62941429	64059046	63361005	62714721	62909386	57853510	67965261	64038942	72221810
87	6.00E+07	6.18E+07	62406737	61460964	60745537	62176391	63239161	62524262	63954060	63146593	62622325	65399140	61333057	69465223	63929926	69450680
88	6.00E+07	6.18E+07	58969368	61564383	60924251	62204515	63018035	62189368	63846702	63088586	61526438	63640293	61255201	66025386	62557854	64197769
89	6.00E+07	6.18E+07	63399431	61495717	60868385	62123049	62776410	61642436	63910383	62908745	62088335	61675501	58488219	64862782	59721564	66097691
90	6.00E+07	6.18E+07	63221048	61462283	60866222	62058343	62982571	62390939	63574203	61805609	62428149	61112786	59098644	63126928	60342001	65728116
91	6.00E+07	6.18E+07	62391200	61458053	60898685	62017421	63125731	62265953	63985508	62831219	62417063	63302672	59200192	67405152	63663640	62391281
92	6.00E+07	6.18E+07	61114702	61341426	60628854	62053998	63140044	62035786	64244302	63392517	62026354	63424979	60780068	66069891	62720121	64523123
93	6.00E+07	6.18E+07	65554044	61270966	60430434	62111499	62986641	61943706	64029576	62758044	63084661	61374349	59691980	63056718	62598004	63152532
94	6.00E+07	6.18E+07	61426186	61306355	60486829	62125882	62969472	62028104	63910840	63826723	62587118	62069222	59178533	64959912	62059509	67058718
95	6.00E+07	6.18E+07	64963360	61363924	60596242	62131606	62806349	61653507	63959191	63626362	63299990	60326386	56816755	63836016	61045922	66150276
96	6.00E+07	6.18E+07	66835022	61409489	60670678	62148300	62710619	61704742	63716495	63670151	64360499	64823808	59703868	69943748	62701398	64427112
97	6.00E+07	6.18E+07	65875751	61430040	60692351	62167729	62708517	61253372	64163662	63262044	64815074	64715780	60308723	69122837	61659458	66898712
98	6.00E+07	6.18E+07	64822791	61450263	60713326	62187200	63095245	61931029	64259460	62236313	64817389	65430933	59721615	71140251	63329967	68338484
99	6.00E+07	6.18E+07	61468746	61389646	60627041	62152250	62780425	61620327	63940524	62885888	63812795	65739818	58318768	73160868	61739029	66322752
100	6.00E+07	6.18E+07	61581955	61421984	60637862	62206105	63294603	62287173	64302033	63530961	63143543	64861136	60391785	69330487	63578147	63318085
101	6.00E+07	6.18E+07	63548675	61478741	60678285	62279196	63950406	63047083	64853730	63494632	63265082	63796373	60717327	66875419	64788115	60722179
102	6.00E+07	6.18E+07	63680568	61486254	60725878	62246630	63846264	62465791	65226737	63785482	63389727	63895178	60522028	67268329	61467413	60666432
103	6.00E+07	6.18E+07	66973777	61496610	60680052	62313167	63650153	62332660	64967645	63796271	64464942	64214699	61489756	66939641	61179055	58337115
104	6.00E+07	6.18E+07	65613760	61444372	60607991	62280753	64061217	62741465	65380970	64464221	64809587	63286715	61207016	65366415	60298245	60091073
105	6.00E+07	6.18E+07	63230311	61445648	60634985	62256310	63605377	62626486	64584268	64912242	64335803	64936625	61714047	68159204	60299437	58479217
106	6.00E+07	6.18E+07	62136373	61507856	60696413	62319299	63494684	62775907	64213461	65003921	63675974	61962656	58546324	65378987	59384752	68021851
107	6.00E+07	6.18E+07	62886897	61607109	60812968	62401251	63577117	62790586	64363647	63283989	63439250	61857816	57151138	66564494	59148499	63911242
108	6.00E+07	6.18E+07	60663075	61634943	60908089	62361798	63668637	62673751	64663523	63739891	62606397	61257110	56104117	66410103	55432749	65895202
109	6.00E+07	6.18E+07	60943751	61546884	60808434	62285334	63160746	62349573	63971919	63242208	62107603	61995593	57824012	66167173	54119404	66097201
110	6.00E+07	6.18E+07	62874275	61538134	60803600	62272668	62823619	62246004	63401234	62934652	62337604	62122600	59698113	64547086	57337849	69955613
111	6.00E+07	6.18E+07	61335911	61514807	60820311	62209303	62626789	62052181	63201397	62958773	62037095	63209798	60665932	65753664	57297213	67758155
112	6.00E+07	6.18E+07	60712800	61510729	60824350	62197107	62565092	61993576	63136608	63576671	61639806	62281023	61243303	63318744	56872049	60159135
113	6.00E+07	6.18E+07	64752231	61538302	60836361	62240243	62386368	61695316	63077420	63321512	62573533	61040470	59041452	63039488	59238221	56407607
114	6.00E+07	6.18E+07	62634915	61563487	60860431	62266544	62566404	61754376	63378431	63582466	62591947	60188030	57891810	62484250	58194220	66995565
115	6.00E+07	6.18E+07	65385137	61609762	60931799	62287725	62652157	61688751	63615562	62909805	63429904	60834447	58858538	62810355	60432754	63775508
116	6.00E+07	6.18E+07	68930328	61699810	61153809	62245810	63222221	62370333	64074109	62599986	65080031	62216667	58915620	65517714	61551167	65574108
117	6.00E+07	6.18E+07	56727662	61673682	61099343	62248020	63258309	62486541	64030078	62252931	62574320	60029096	57301772	62756419	61792963	60537555
118	6.00E+07	6.18E+07	66697724	61638552	61105781	62171323	63521574	62545370	64497779	62649454	63811340	61905422	59270712	64540132	63242353	58732822
119	6.00E+07	6.18E+07	63083324	61504718	60876951	62132485	63412796	62953309	63872283	62631702	63592935	61966264	57399229	66533300	64929993	59090468
120	6.00E+07	6.18E+07	61188444	61508083	60868588	62147578	63337738	62759277	63916199	62256122	62871587	60409792	56076432	64743153	62467475	61600927
121	6.00E+07	6.18E+07	59004000	61368528	60684104	62052953	62966446	61754210	64178681	62170631	61711311	60808188	57508651	64107724	61122032	60345982
122	6.00E+07	6.18E+07	62117617	61291410	60494170	62088650	63009813	61652569	64367057	62871972	61833202	64180504	59019748	69341260	62605715	59132427
123	6.00E+07	6.18E+07	65295537	61096708	60065588	62127828	62424760	61084634	63764885	62557100	62871902	64173990	61567615	66780364	60521200	61820378
124	6.00E+07	6.18E+07	71768622	61006487	59803803	62209170	63003899	62450808	63556989	62914572	65540918	64476491	61163887	67789094	59195879	58697651
125	9.00E+07	9.27E+07	68029946	61674837	59921652	63428022	66048929	64498912	67598947	65576278	66287626	65936487	60977815	70895159	68063968	60108835
126	9.00E+07	9.27E+07	100880622	63814894	60808139	66821650	73747448	70341418	77153477	74066567	76665524	76123914	71775286	80472541	75968804	73058157
127	9.00E+07	9.27E+07	96686328	65111090	61135024	69087156	79433756	74486233	84381278	81539989	82671765	82638067	76976825	88299309	75160349	76268763
128	9.00E+07	9.27E+07	97472586	66184292	61524212	70844373	82977218	76980090	88974345	85273698	87112011	86507798	78957760	94057836	73614350	88702960
129	9.00E+07	9.27E+07	90815875	67058306	61910341	72206270	84779693	78287027	91272359	86504345	88223170	89933890	84539623	95328157	76589085	89754951
130	9.00E+07	9.27E+07	99634133	67665005	62174734	73155276	87665257	80266639	95063874	89867847	91646458	90793733	85133578	96453888	77221319	90832839
131	9.00E+07	9.27E+07	106722844	68014342	62328433	73700250	88685355	81594707	95776002	90749185	96169374	91703794	85428985	97978602	81115216	102000853
132	9.00E+07	9.27E+07	101243768	68232908	62382491	74083325	90594376	85621860	95566891	93956277	97691691	91166852	84346580	97987125	84952331	109122196
133	9.00E+07	9.27E+07	91340551	68289325	62278149	74300500	92253219	88806155	95700283	92896148	95786349	93334876	86245064	100424688	90984338	105115724
134	9.00E+07	9.27E+07	84756906	68386289	62301671	74470908	92932871	90346669	95519072	94936922	92477516	93129346	84931228	101327464	92508369	100261699
135	9.00E+07	9.27E+07	91986737	68692500	62636651	74748349	93733720	91363282	96104159	93900757	92330282	93552451	86915548	100189353	90882818	106392575
136	9.00E+07	9.27E+07	90373191	68987481	62960454	75014507	94044367	92529616	95559118	93405444	91743154	96900187	87041614	106758760	94759012	104508082
137	9.00E+07	9.27E+07	96704960	69028227	62978484	75077969	94197806	93189728	95205885	93772578	93231695	94666685	86669451	102663919	87926721	100480137
138	9.00E+07	9.27E+07	99234791	69210722	63163634	75257811	93979414	92675042	95283787	93223585	95032623	93459500	85852951	101066049	89935477	98945162
139	9.00E+07	9.27E+07	99818613	69286974	63172178	75401769	93678444	92575382	94781506	93921187	96468420	95435068	86700689	104169448	97334967	99943586
140	9.00E+07	9.27E+07	92730933	69154254	63001197	75307310	93720414	92599576	94841252	94076057	95347173	96364057	89808231	102919883	95415783	103973896
141	9.00E+07	9.27E+07	95585386	69257820	63027263	75488376	92621363	91296877	93945850	93435535	95418636	95489954	88707430	102272478	99286434	91844820
142	9.00E+07	9.27E+07	95485333	69543766	63262274	75825257	92935979	91555083	94316874	93276282	95438645	93683138	86292773	101073503	89673837	89031000
143	9.00E+07	9.27E+07	90947360	69235976	62897110	75574842	93451739	91309369	95594109	91954949	94091259	91146238	84553026	97739451	87051792	91987246
144	9.00E+07	9.27E+07	99065742	69248341	62921824	75574858	93999235	92496981	95501490	93627010	95583603	95010846	88041492	101980200	85857347	91498432
145	9.00E+07	9.27E+07	92598115	69122362	62738035	75506689	94003364	92877346	95129382	93995371	94687956	98227538	90545371	105909706	85866062	97927408
146	9.00E+07	9.27E+07	96685937	68966567	62596392	75336742	94137158	92724905	95549412	94094495	95287350	93340290	86925297	99755283	84727710	89199265
147	9.00E+07	9.27E+07	87790524	68900295	62525285	75275304	94421766	93240411	95603121	95233965	93038302	94302224	88756211	99848236	83351716	88235379
148	9.00E+07	9.27E+07	95321546	68723228	62338513	75107944	94529558	93145834	95913282	94734468	93723275	93848601	89205903	98491299	84278521	87450738
149	9.00E+07	9.27E+07	94047946	68652216	62317166	74987266	94753795	93175073	96332517	94613402	93820676	95328634	89418648	101238619	91463817	84906929
150	9.00E+07	9.27E+07	102142115	68557687	62220207	74895168	93951870	92559498	95344242	96697722	96317107	94680539	87122661	102238417	93858751	96196076
151	9.00E+07	9.27E+07	97547804	68690859	62389332	74992386	94434650	93302681	95566619	94671877	96686316	93614211	89638373	97590049	92537792	99941786
152	9.00E+07	9.27E+07	97438453	68684848	62425119	74944577	94863311	93406113	96320510	93925172	96911956	93782449	89590704	97974193	96335361	90100850
153	9.00E+07	9.27E+07	91992551	68702261	62458980	74945541	94945189	94233907	95656471	94202198	95436134	96699116	90116181	103282051	92186992	95086114
154	9.00E+07	9.27E+07	93138613	68786768	62513952	75059584	93954159	92049578	95858739	96417314	94746877	97312549	90777130	103847967	92370307	86197986
155	9.00E+07	9.27E+07	98796195	68888793	62668708	75108879	94221347	92519468	95923227	96825271	95961672	97889749	91936307	103843190	90866148	94258216
156	9.00E+07	9.27E+07	86015182	68993925	62817442	75170407	94053488	92199926	95907049	96731991	92977725	96708434	91735434	101681434	92074329	97222351
157	9.00E+07	9.27E+07	87174737	68982419	62831259	75133579	93711997	92114224	95309771	94970046	91236828	95333460	87703292	102963628	91186083	88420392
158	9.00E+07	9.27E+07	98459004	68865320	62699445	75031195	94339488	92681576	95997399	93998571	93403480	94107918	85776534	102439301	96309858	94975927
159	9.00E+07	9.27E+07	101007342	68747565	62579277	74915853	94538012	92986775	96089248	95354210	95684638	94011574	87368316	100654831	98679513	92527202
160	9.00E+07	9.27E+07	93928142	68709817	62497379	74922255	95110925	93598495	96623356	95952031	95157689	95282192	89762946	100801438	101859712	85006747
161	9.00E+07	9.27E+07	97362808	68799744	62536895	75062592	94561862	92443956	96679769	95345912	95819224	95156915	87187966	103125864	94488251	91497096
162	9.00E+07	9.27E+07	87248906	68732742	62416679	75048805	93889554	92465898	95313209	93906125	93248128	94139952	87767438	100512466	102779295	94974526
163	9.00E+07	9.27E+07	92808764	68813516	62508345	75118687	94452902	93486621	95419184	94822788	93116318	94808142	90120645	99495638	96249186	93807181
164	9.00E+07	9.27E+07	90505831	68736900	62366657	75107143	93970383	92854569	95086196	95077743	92333172	95337272	89526233	101148311	93664510	88229879
165	9.00E+07	9.27E+07	93743484	68793061	62369549	75216573	94315307	93038063	95592550	93265483	92756265	97808090	91593745	104022435	96349236	89310515
166	9.00E+07	9.27E+07	87147128	68596934	62117137	75076730	94874216	94106620	95641812	93144625	91073524	96340660	91639344	101041976	95075291	90372400
167	9.00E+07	9.27E+07	96102400	68586183	62142960	75029405	94491144	93160410	95821878	95676255	92582186	99177267	93276348	105078185	95205317	91316573
168	9.00E+07	9.27E+07	93459342	68623206	62254451	74991961	94492500	92786036	96198965	94884573	92845332	95641516	91668222	99614809	97769081	86874400
169	9.00E+07	9.27E+07	90286826	68961270	62491720	75430820	94759620	92777726	96741514	95543299	92077780	94463044	89562291	99363798	91360063	89245680
170	9.00E+07	9.27E+07	93880871	68921448	62565235	75277662	93500627	91996838	95004417	96409551	92618707	95484013	92707712	98260314	92171217	97463122
171	9.00E+07	9.27E+07	94988408	69006521	62493623	75519420	94719345	93768519	95670171	95768629	93329617	94582499	87475291	101689708	96743851	92758852
172	9.00E+07	9.27E+07	91111982	69238941	62853585	75624296	94690660	93863997	95517322	95130237	92664326	92877061	85145161	100608961	97686455	92078395
173	9.00E+07	9.27E+07	99197724	69048002	62664553	75431450	94596400	93675625	95517176	94997720	94624345	94421547	87244754	101598341	91602118	91375410
174	9.00E+07	9.27E+07	97945511	69024192	62695672	75352712	94067819	93010274	95125364	95359169	95620694	95559125	87905409	103212842	88744362	99016600
175	9.00E+07	9.27E+07	89504071	68778263	62478906	75077619	94239707	93333297	95146118	95746404	93785707	98043846	91709546	104378145	84933533	96031619
176	9.00E+07	9.27E+07	94954435	68637560	62247133	75027986	94592199	93570216	95614182	96074240	94136325	100668217	96470894	104865539	86644059	91971573
177	9.00E+07	9.27E+07	93448053	68391671	61939413	74843929	94811696	93596734	96026658	94925429	93929843	103340413	96460091	110220734	88379588	82680260
178	9.00E+07	9.27E+07	86694542	68654301	62275413	75033189	94412910	92917619	95908201	93840714	91759252	102746086	95273424	110218747	86706511	84706902
179	9.00E+07	9.27E+07	93636640	68261246	61780248	74742243	95144988	93342770	96947207	94213283	92322468	100837502	91715586	109959418	89338210	80472484
180	9.00E+07	9.27E+07	98124551	68223044	61740602	74705485	94512123	93112880	95911366	93267023	94063092	101979563	94077835	109881291	80758133	81512871
