1600710347 135685066464
1600710348 135685066464
1600710349 135685066464
1600710350 135685066464
1600710351 135685066464
1600710352 135685066464
1600710353 135685066464
1600710354 135685066464
1600710355 135685066464
1600710356 135685066464
1600710357 135685066464
1600710358 135685066464
1600710359 135685066464
1600710360 135685066464
1600710361 135685066464
1600710362 135685066464
1600710363 135685066464
1600710364 135685066464
1600710365 135694097497
1600710366 135719314239
1600710367 135745490395
1600710368 135771529473
1600710369 135797842509
1600710370 135823881521
1600710371 135850057611
1600710372 135876096623
1600710373 135902272647
1600710374 135928448803
1600710375 135954624893
1600710376 135980800917
1600710377 136006839929
1600710378 136033016019
1600710379 136059192109
1600710380 136085231055
1600710381 136111407079
1600710382 136137583235
1600710383 136163759325
1600710384 136189935349
1600710385 136215974427
1600710386 136242150583
1600710387 136268189595
1600710388 136294365619
1600710389 136320541709
1600710390 136346717865
1600710391 136372893889
1600710392 136398932901
1600710393 136425108991
1600710394 136451148069
1600710395 136485256210
1600710396 136538399678
1600710397 136590377910
1600710398 136642699810
1600710399 136695306266
1600710400 136747839050
1600710401 136799780194
1600710402 136851858218
1600710403 136904484422
1600710404 136956695296
1600710405 137008777680
1600710406 137060979338
1600710407 137113460142
1600710408 137165685024
1600710409 137217912112
1600710410 137270264226
1600710411 137322413590
1600710412 137374831376
1600710413 137426880196
1600710414 137479436690
1600710415 137531593442
1600710416 137583965940
1600710417 137636044030
1600710418 137688416008
1600710419 137740597868
1600710420 137792560960
1600710421 137845178660
1600710422 137897618768
1600710423 137950020032
1600710424 138002098122
1600710425 138056818165
1600710426 138120795723
1600710427 138184745569
1600710428 138249073915
1600710429 138312766381
1600710430 138377165885
1600710431 138440832613
1600710432 138504806683
1600710433 138568821631
1600710434 138632765421
1600710435 138696880293
1600710436 138760842251
1600710437 138824925329
1600710438 138888919081
1600710439 138952834105
1600710440 139016836941
1600710441 139080930617
1600710442 139144907715
1600710443 139208828795
1600710444 139273475081
1600710445 139336984353
1600710446 139400984161
1600710447 139464979427
1600710448 139528974693
1600710449 139592901829
1600710450 139656807769
1600710451 139721119461
1600710452 139785093531
1600710453 139848946481
1600710454 139912766123
1600710455 139976775940
1600710456 140041064922
1600710457 140104760416
1600710458 140168811700
1600710459 140232888722
1600710460 140296809802
1600710461 140360973122
1600710462 140424925996
1600710463 140488742610
1600710464 140553110320
1600710465 140616802786
1600710466 140680808650
1600710467 140744947746
1600710468 140808779500
1600710469 140872830784
1600710470 140936966852
1600710471 141000865222
1600710472 141064910450
1600710473 141128875436
1600710474 141192869188
1600710475 141256832660
1600710476 141320914224
1600710477 141384891322
1600710478 141448936550
1600710479 141513177084
1600710480 141577095136
1600710481 141640976852
1600710482 141704857054
1600710483 141768964356
1600710484 141833130704
1600710485 141896939748
1600710486 141960903220
1600710487 142024836412
1600710488 142088851360
1600710489 142153441628
1600710490 142216822210
1600710491 142281059716
1600710492 142345254890
1600710493 142408792928
1600710494 142472988042
1600710495 142536878842
1600710496 142601178422
1600710497 142664963242
1600710498 142728910060
1600710499 142792976484
1600710500 142857100440
1600710501 142920826214
1600710502 142984801798
1600710503 143048959062
1600710504 143112946758
1600710505 143176892062
1600710506 143240985738
1600710507 143304859884
1600710508 143368953560
1600710509 143433006358
1600710510 143496927438
1600710511 143560965096
1600710512 143625164752
1600710513 143688870844
1600710514 143752887306
1600710515 143817117242
1600710516 143880988360
1600710517 143944895814
1600710518 144008928930
1600710519 144072881804
1600710520 144136958826
1600710521 144200887476
1600710522 144265014460
1600710523 144328796252
1600710524 144392874788
1600710525 144456904876
1600710526 144521033374
