1600709642 161705210685
1600709643 161705210685
1600709644 161705210685
1600709645 161705210685
1600709646 161705210685
1600709647 161705210685
1600709648 161705210685
1600709649 161705210685
1600709650 161705210685
1600709651 161705210685
1600709652 161705210685
1600709653 161705210685
1600709654 161705210685
1600709655 161705210685
1600709656 161705210685
1600709657 161705210685
1600709658 161710539834
1600709659 161736910468
1600709660 161763086558
1600709661 161789262582
1600709662 161815303042
1600709663 161841479198
1600709664 161867518276
1600709665 161893831378
1600709666 161919870390
1600709667 161946046546
1600709668 161972085624
1600709669 161998398726
1600709670 162024437738
1600709671 162050613894
1600709672 162076657448
1600709673 162102970484
1600709674 162129009496
1600709675 162155185586
1600709676 162181224598
1600709677 162207402070
1600709678 162233578226
1600709679 162259738616
1600709680 162285930406
1600709681 162311969418
1600709682 162338145508
1600709683 162364321598
1600709684 162390360544
1600709685 162416536568
1600709686 162442712658
1600709687 162468890262
1600709688 162498862991
1600709689 162551376809
1600709690 162603874389
1600709691 162655887119
1600709692 162708060581
1600709693 162760736889
1600709694 162813017663
1600709695 162864781349
1600709696 162917231243
1600709697 162969268511
1600709698 163022157969
1600709699 163074000697
1600709700 163126278691
1600709701 163178540859
1600709702 163230674205
1600709703 163283798323
1600709704 163335564655
1600709705 163388455053
1600709706 163440329631
1600709707 163492547573
1600709708 163544746153
1600709709 163596904551
1600709710 163649819041
1600709711 163701891009
1600709712 163753962661
1600709713 163806980047
1600709714 163858121671
1600709715 163910601845
1600709716 163962979581
1600709717 164014916299
1600709718 164069164912
1600709719 164133071478
1600709720 164197095510
1600709721 164261152850
1600709722 164325037548
1600709723 164389050662
1600709724 164453212468
1600709725 164516994260
1600709726 164581156066
1600709727 164645116510
1600709728 164709160224
1600709729 164773111584
1600709730 164837468696
1600709731 164901491214
1600709732 164965024710
1600709733 165029156236
1600709734 165093087914
1600709735 165157320878
1600709736 165221061792
1600709737 165285452212
1600709738 165349476244
1600709739 165413227756
1600709740 165477212424
1600709741 165541142588
1600709742 165605301366
1600709743 165669317828
1600709744 165733423616
1600709745 165797268996
1600709746 165861399008
1600709747 165925610776
1600709748 165989370783
1600709749 166053874753
1600709750 166117586901
1600709751 166181601849
1600709752 166245459341
1600709753 166309419785
1600709754 166373619441
1600709755 166437532951
1600709756 166501431321
1600709757 166565638547
1600709758 166629477871
1600709759 166693760797
1600709760 166757631915
1600709761 166821401595
1600709762 166885433197
1600709763 166949460257
1600709764 167013606923
1600709765 167077752075
1600709766 167141424859
1600709767 167205583637
1600709768 167269725761
1600709769 167333503011
1600709770 167397731433
1600709771 167461585897
1600709772 167525466099
1600709773 167589664241
1600709774 167653626199
1600709775 167717731987
1600709776 167781796897
1600709777 167845621081
1600709778 167909770775
1600709779 167973732733
1600709780 168037652299
1600709781 168101582463
1600709782 168165875987
1600709783 168229697143
1600709784 168293772651
1600709785 168357937545
1600709786 168421640609
1600709787 168485814527
1600709788 168549694729
1600709789 168614003393
1600709790 168677780643
1600709791 168741730489
1600709792 168806005845
1600709793 168870256977
1600709794 168933687521
1600709795 168998106707
1600709796 169061952087
1600709797 169125842887
1600709798 169189977441
1600709799 169253965137
1600709800 169317872591
1600709801 169382082845
1600709802 169446156839
1600709803 169509949229
1600709804 169574064101
1600709805 169637959443
1600709806 169701998615
1600709807 169766057469
1600709808 169830017913
1600709809 169894017721
1600709810 169957955455
1600709811 170021949207
1600709812 170086142807
1600709813 170150083569
1600709814 170214411915
1600709815 170277969635
1600709816 170341908883
1600709817 170406170613
1600709818 170470152253
1600709819 170534094529
1600709820 170598527341
1600709821 170661977627
