0 0 0 0
1 0 0 0
2 0 0 0
3 0 0 0
4 0 0 0
5 0 0 0
6 0 0 0
7 0 0 0
8 0 0 0
9 0 0 0
10 0 0 0
11 0 0 0
12 0 0 0
13 0 0 0
14 0 0 0
15 0 0 0
16 0 0 0
17 0 0 0
18 26905880 24813976 0
19 31954272 32678688 0
20 29956320 30223296 0
21 32251584 30571856 0
22 31930576 29881536 0
23 30192880 29793408 0
24 30622480 30643568 0
25 33541472 29550416 0
26 30592240 30670128 0
27 31857904 30759344 0
28 30833952 29732976 0
29 30973728 28730432 0
30 31797344 29331904 0
31 30967184 32429840 0
32 32899536 30817360 0
33 31143296 29589376 0
34 29078240 30589280 0
35 33614144 28072688 0
36 30107760 31607408 0
37 32039584 30667824 0
38 31349200 29704208 0
39 29586944 27941584 0
40 32499840 30346048 0
41 31173616 32466736 0
42 30622480 28160800 0
43 32742080 30076544 0
44 30604352 32639568 0
45 31930576 28925376 0
46 29720176 28123696 0
47 32911648 33029504 0
48 58269464 56782328 0
49 60190320 56448240 0
50 63594688 61416592 0
51 62498592 60363856 0
52 62498064 61159552 0
53 62498928 59554912 0
54 62498064 60342768 0
55 63594688 61444112 0
56 62498064 60355936 0
57 63503888 60373920 0
58 61492240 60342736 0
59 62498592 60378640 0
60 63593632 61395040 0
61 62498064 63471072 0
62 62498928 57156304 0
63 62498064 60377584 0
64 62498064 60334320 0
65 63594688 61354912 0
66 62498592 60371744 0
67 62498064 60350688 0
68 63594688 61390816 0
69 62497536 60380688 0
70 62498064 60385504 0
71 62498064 60353328 0
72 62498592 60346928 0
73 63594688 61368640 0
74 62498592 60331648 0
75 62498592 60388112 0
76 62498064 60341712 0
77 63225312 60288912 0
78 89186824 64300208 27461256
79 94501312 57544720 29265936
80 92933216 60340256 28862240
81 95851840 63551760 32629440
82 94852560 60364416 30695872
83 94858912 59090128 28250672
84 91625280 59454400 28744048
85 94804640 60354352 33246832
86 92683984 61393984 28939392
87 98535136 62488432 31491776
88 91424864 59737840 29750896
89 91830656 58855792 27451472
90 94429168 60360160 33402672
91 96633552 64581424 29878320
92 93847600 57144720 29896256
93 92951504 60619760 28573728
94 92521040 60139600 29161600
95 98728400 63494832 33461680
96 91873008 60709840 29701296
97 95204336 60049552 29003824
98 91643408 58254592 29149136
99 96482192 61279392 32724416
100 93520768 61827136 27833216
101 92842496 61900640 32321056
102 94150400 57425536 27419792
103 93120016 60335312 32168896
104 95482384 64098992 31082528
105 94325728 56615024 30439248
106 93078640 61456720 29759344
107 94265696 60307920 27560912
108 118952040 60352576 56839656
109 127208112 61401904 59773968
110 123882352 60365440 60381024
111 127437712 60341680 60548784
112 122556656 60323760 59245088
113 128853232 60363328 64515424
114 124493968 61446784 58208752
115 124366832 60332208 61771664
116 126552480 60935168 60008624
117 125802144 59777792 61161264
118 123875728 60315808 58156880
119 125414480 61418800 60292608
120 126050400 60400192 60327952
121 128394032 63479520 64066720
122 121908096 58279344 56519552
123 124730192 59340128 63543728
124 128327376 61424608 59829456
125 122761840 60344880 58520928
126 128526736 63105136 61636096
127 124857856 58675408 62993760
128 123797040 60337984 60131952
129 126782608 60371248 58558976
130 124300256 60332736 59209184
131 127352928 60300528 63952864
132 123743888 61451856 59507008
133 126183632 60387616 58742992
134 126032720 60330096 61611312
135 123948480 61965584 61804592
136 127109632 59916240 58240240
137 124966336 60205024 60891312
138 123930800 60343792 59659584
139 126964288 60342768 61318976
140 123428192 60291680 60655696
141 126092032 60393904 59971728
142 126789680 61440448 61348048
143 123900560 60319536 59207040
144 127703072 60296272 64049360
145 126941120 62763664 60549008
146 122586368 59027968 57306912
147 126044304 60335280 62630672
148 124433488 60332736 58014048
149 125559824 60364912 62534336
150 126093616 61391344 59034464
151 125989312 62318352 61579552
152 125633024 58399728 60150240
153 123767856 60440784 62119408
154 125693584 60308048 58407168
155 126092752 61394512 60281520
156 124996128 60318480 62864416
157 126092752 60357952 58844848
158 123900032 60360192 62204160
159 128806368 60357024 58310304
160 123380192 61424016 60294160
161 124995600 60323232 60279408
162 128685248 60308448 63504784
163 124517664 61358080 58107328
164 122883152 59341744 60312640
165 128036160 61399792 63453616
166 124566720 63518032 60037600
167 127328512 57175920 61438624
168 123343856 61434080 57347136
169 128944640 62482592 63486912
170 126227488 61394512 60289440
171 123632592 59861392 60266736
172 124761296 57682032 61246768
173 123609792 61469424 57465616
174 125529584 60341712 60876496
175 125558768 60302640 60522288
176 126069136 61503808 60866544
177 125039008 59174832 62172752
178 127073296 61408208 60879200
179 122900224 60374384 57322816
