1600702889 81577677120
1600702890 81577677120
1600702891 81577677120
1600702892 81577677120
1600702893 81577677120
1600702894 81577677120
1600702895 81577677120
1600702896 81577677120
1600702897 81577677120
1600702898 81577677120
1600702899 81577677120
1600702900 81577677120
1600702901 81577677120
1600702902 81577677120
1600702903 81577677120
1600702904 81577677120
1600702905 81583441124
1600702906 81621783596
1600702907 81660979258
1600702908 81700175052
1600702909 81739371110
1600702910 81778567102
1600702911 81817762830
1600702912 81856958822
1600702913 81896154682
1600702914 81935350476
1600702915 81974683348
1600702916 82013879142
1600702917 82053075068
1600702918 82092270994
1600702919 82131466788
1600702920 82170662516
1600702921 82209858244
1600702922 82249053972
1600702923 82288386844
1600702924 82327582704
1600702925 82366778564
1600702926 82405974424
1600702927 82445170152
1600702928 82484365880
1600702929 82523561674
1600702930 82562757534
1600702931 82601953328
1600702932 82641149122
1600702933 82680345048
1600702934 82719677854
1600702935 82761852612
1600702936 82840265800
1600702937 82918649788
1600702938 82996723528
1600702939 83075274122
1600702940 83153297148
1600702941 83232214816
1600702942 83310441404
1600702943 83389165346
1600702944 83467176128
1600702945 83545826702
1600702946 83624217498
1600702947 83702496258
1600702948 83781093024
1600702949 83859158310
1600702950 83937927606
1600702951 84016330580
1600702952 84094899332
1600702953 84173483920
1600702954 84251542454
1600702955 84330015072
1600702956 84408183376
1600702957 84486855776
1600702958 84564934688
1600702959 84643510192
1600702960 84722029678
1600702961 84800310770
1600702962 84878621456
1600702963 84957408920
1600702964 85035534070
1600702965 85114208976
1600702966 85234042104
1600702967 85352411036
1600702968 85470686246
1600702969 85588101212
1600702970 85705854332
1600702971 85823893360
1600702972 85941072572
1600702973 86059194052
1600702974 86176764940
1600702975 86294478302
1600702976 86411625772
1600702977 86529293238
1600702978 86646445188
1600702979 86763666706
1600702980 86882775266
1600702981 87000452002
1600702982 87118250070
1600702983 87235462502
1600702984 87352713136
1600702985 87470958034
1600702986 87588071204
1600702987 87705896784
1600702988 87823691322
1600702989 87941071660
1600702990 88059061996
1600702991 88177686732
1600702992 88294086214
1600702993 88411315750
1600702994 88529830660
1600702995 88646787392
1600702996 88765900732
1600702997 88885631824
1600702998 89003359396
1600702999 89122352676
1600703000 89240720748
1600703001 89359633000
1600703002 89479087600
1600703003 89597623202
1600703004 89715872658
1600703005 89834574800
1600703006 89953528266
1600703007 90072224352
1600703008 90190894700
1600703009 90309758840
1600703010 90428109734
1600703011 90547054116
1600703012 90665471626
1600703013 90783972406
1600703014 90903476968
1600703015 91021923244
1600703016 91140478528
1600703017 91259236688
1600703018 91378261312
1600703019 91496444152
1600703020 91615418814
1600703021 91734164862
1600703022 91853362082
1600703023 91971547950
1600703024 92090557434
1600703025 92209453368
1600703026 92327996540
1600703027 92446974230
1600703028 92565546168
1600703029 92684024238
1600703030 92802926228
1600703031 92922193092
1600703032 93041226860
1600703033 93160127336
1600703034 93277918050
1600703035 93396721630
1600703036 93515808328
1600703037 93633948776
1600703038 93753211098
1600703039 93871587730
1600703040 93990049146
1600703041 94109022294
1600703042 94227565466
1600703043 94346650650
1600703044 94464980348
1600703045 94583467502
1600703046 94702277138
1600703047 94821908876
1600703048 94940155304
1600703049 95058760550
1600703050 95177809398
1600703051 95296335916
1600703052 95415640630
1600703053 95533755340
1600703054 95652627050
1600703055 95771318594
1600703056 95890303854
1600703057 96008815232
1600703058 96127235770
1600703059 96246351234
1600703060 96364941340
1600703061 96483405784
1600703062 96602129122
1600703063 96721349052
1600703064 96840234388
1600703065 96959009202
1600703066 97077749194
1600703067 97195701906
1600703068 97314973372
