1600702889 3083362
1600702890 3083362
1600702891 3083362
1600702892 3083362
1600702893 3083362
1600702894 3083362
1600702895 3083362
1600702896 3083362
1600702897 3083362
1600702898 3083362
1600702899 3083362
1600702900 3083362
1600702901 3083362
1600702902 3083362
1600702903 3083362
1600702904 3083362
1600702905 3083362
1600702906 3083362
1600702907 3083362
1600702908 3083362
1600702909 3083362
1600702910 3083362
1600702911 3083362
1600702912 3083362
1600702913 3083362
1600702914 3083362
1600702915 3083362
1600702916 3083362
1600702917 3083362
1600702918 3083362
1600702919 3083362
1600702920 3083362
1600702921 3083362
1600702922 3083362
1600702923 3083362
1600702924 3083362
1600702925 3083362
1600702926 3083362
1600702927 3083362
1600702928 3083362
1600702929 3083362
1600702930 3083362
1600702931 3083362
1600702932 3083362
1600702933 3083362
1600702934 3083362
1600702935 3083362
1600702936 3083362
1600702937 3083362
1600702938 3083362
1600702939 3083362
1600702940 3083362
1600702941 3083362
1600702942 3083362
1600702943 3083362
1600702944 3083362
1600702945 3083362
1600702946 3083362
1600702947 3083362
1600702948 3083362
1600702949 3083362
1600702950 3083362
1600702951 3083362
1600702952 3083362
1600702953 3083362
1600702954 3083362
1600702955 3083362
1600702956 3083362
1600702957 3083362
1600702958 3083362
1600702959 3083362
1600702960 3083362
1600702961 3083362
1600702962 3083362
1600702963 3083362
1600702964 3083362
1600702965 3083362
1600702966 3083362
1600702967 3083362
1600702968 3083362
1600702969 3083362
1600702970 3083362
1600702971 3083362
1600702972 3083362
1600702973 3083362
1600702974 3083362
1600702975 3083362
1600702976 3083362
1600702977 3083362
1600702978 3083362
1600702979 3083362
1600702980 3083362
1600702981 3083362
1600702982 3083362
1600702983 3083362
1600702984 3083362
1600702985 3083362
1600702986 3083362
1600702987 3083362
1600702988 3083362
1600702989 3083362
1600702990 3083362
1600702991 3083362
1600702992 3083362
1600702993 3083362
1600702994 3083362
1600702995 3083362
1600702996 3083362
1600702997 3083362
1600702998 3083362
1600702999 3083362
1600703000 3083362
1600703001 3083362
1600703002 3083362
1600703003 3083362
1600703004 3083362
1600703005 3083362
1600703006 3083362
1600703007 3083362
1600703008 3083362
1600703009 3083362
1600703010 3083362
1600703011 3083362
1600703012 3083362
1600703013 3083362
1600703014 3083362
1600703015 3083362
1600703016 3083362
1600703017 3083362
1600703018 3083362
1600703019 3083362
1600703020 3083362
1600703021 3083362
1600703022 3083362
1600703023 3083362
1600703024 3083362
1600703025 3083362
1600703026 3083362
1600703027 3083362
1600703028 3083362
1600703029 3083362
1600703030 3083362
1600703031 3083362
1600703032 3083362
1600703033 3083362
1600703034 3083362
1600703035 3083362
1600703036 3083362
1600703037 3083362
1600703038 3083362
1600703039 3083362
1600703040 3083362
1600703041 3083362
1600703042 3083362
1600703043 3083362
1600703044 3083362
1600703045 3083362
1600703046 3083362
1600703047 3083362
1600703048 3083362
1600703049 3083362
1600703050 3083362
1600703051 3083362
1600703052 3083362
1600703053 3083362
1600703054 3083362
1600703055 3083362
1600703056 3083362
1600703057 3083362
1600703058 3083362
1600703059 3083362
1600703060 3083362
1600703061 3083362
1600703062 3083362
1600703063 3083362
1600703064 3083362
1600703065 3083362
1600703066 3083362
1600703067 3083362
1600703068 3083362
