1600702889 77641565344
1600702890 77641565344
1600702891 77641565344
1600702892 77641565344
1600702893 77641565344
1600702894 77641565344
1600702895 77641565344
1600702896 77641565344
1600702897 77641565344
1600702898 77641565344
1600702899 77641565344
1600702900 77641565344
1600702901 77641565344
1600702902 77641565344
1600702903 77641565344
1600702904 77641565344
1600702905 77646805262
1600702906 77683906320
1600702907 77721533426
1600702908 77759160136
1600702909 77796786384
1600702910 77834410916
1600702911 77872037164
1600702912 77909662488
1600702913 77947286162
1600702914 77984912806
1600702915 78022669466
1600702916 78060295318
1600702917 78097922490
1600702918 78135547682
1600702919 78173175118
1600702920 78210798132
1600702921 78248422664
1600702922 78286046800
1600702923 78323805440
1600702924 78361431688
1600702925 78399056154
1600702926 78436683128
1600702927 78474307594
1600702928 78511930872
1600702929 78549557648
1600702930 78587184358
1600702931 78624810342
1600702932 78662436392
1600702933 78700060792
1600702934 78737815670
1600702935 78778455656
1600702936 78853786054
1600702937 78928719272
1600702938 79004302916
1600702939 79079452628
1600702940 79155132944
1600702941 79230181940
1600702942 79305744090
1600702943 79381096304
1600702944 79456865352
1600702945 79532124540
1600702946 79607520524
1600702947 79683051824
1600702948 79758245426
1600702949 79833933980
1600702950 79909058928
1600702951 79984444116
1600702952 80060405910
1600702953 80135446664
1600702954 80210990960
1600702955 80286346738
1600702956 80361822948
1600702957 80437195430
1600702958 80512810928
1600702959 80587851306
1600702960 80663647288
1600702961 80739064172
1600702962 80814817824
1600702963 80889796776
1600702964 80965384524
1600702965 81040638086
1600702966 81156674394
1600702967 81270135404
1600702968 81384411580
1600702969 81497057274
1600702970 81610675870
1600702971 81723751188
1600702972 81836514676
1600702973 81950184712
1600702974 82062718318
1600702975 82176447228
1600702976 82289290134
1600702977 82402279356
1600702978 82514841300
1600702979 82627831276
1600702980 82742134722
1600702981 82856105120
1600702982 82968934734
1600702983 83081952064
1600702984 83194664134
1600702985 83308236444
1600702986 83421153784
1600702987 83534045898
1600702988 83647202686
1600702989 83760574146
1600702990 83873849046
1600702991 83987849982
1600702992 84099955494
1600702993 84212688334
1600702994 84326219600
1600702995 84439503582
1600702996 84554398814
1600702997 84669046828
1600702998 84783037462
1600702999 84898397034
1600703000 85012672410
1600703001 85127229934
1600703002 85241683442
1600703003 85356416910
1600703004 85471084170
1600703005 85585607052
1600703006 85700494210
1600703007 85814031248
1600703008 85928971226
1600703009 86044005338
1600703010 86158116636
1600703011 86272271518
1600703012 86386618352
1600703013 86501220608
1600703014 86615778230
1600703015 86730284778
1600703016 86844665078
1600703017 86959171942
1600703018 87073760622
1600703019 87188515542
1600703020 87303168284
1600703021 87417119910
1600703022 87532094216
1600703023 87646241962
1600703024 87760573098
1600703025 87876284924
1600703026 87989707698
1600703027 88104896724
1600703028 88219720576
1600703029 88333607370
1600703030 88448013366
1600703031 88563083224
1600703032 88677148090
1600703033 88791994796
1600703034 88906398716
1600703035 89020905694
1600703036 89135158340
1600703037 89249901630
1600703038 89364026188
1600703039 89478687184
1600703040 89593338364
1600703041 89707391396
1600703042 89822250316
1600703043 89936404894
1600703044 90050951806
1600703045 90165598616
1600703046 90280175506
1600703047 90395264376
1600703048 90509064106
1600703049 90623703428
1600703050 90738457414
1600703051 90853083058
1600703052 90967540304
1600703053 91081856666
1600703054 91196722254
1600703055 91311870972
1600703056 91425754760
1600703057 91540118368
1600703058 91654627486
1600703059 91769025386
1600703060 91883450560
1600703061 91997591028
1600703062 92113066990
1600703063 92226777690
1600703064 92341987292
1600703065 92455648748
1600703066 92570518836
1600703067 92685102698
1600703068 92799383574
