1600703643 94656914172
1600703644 94656914172
1600703645 94656914172
1600703646 94656914172
1600703647 94656914172
1600703648 94656914172
1600703649 94656914172
1600703650 94656914172
1600703651 94656914172
1600703652 94656914172
1600703653 94656914172
1600703654 94656914172
1600703655 94656914172
1600703656 94656914172
1600703657 94656914172
1600703658 94656914172
1600703659 94656914172
1600703660 94677902526
1600703661 94714684742
1600703662 94752600326
1600703663 94789564372
1600703664 94827191478
1600703665 94865552130
1600703666 94902438430
1600703667 94940283652
1600703668 94977820876
1600703669 95015930338
1600703670 95052943290
1600703671 95090566964
1600703672 95129410336
1600703673 95165819328
1600703674 95203914534
1600703675 95241203358
1600703676 95278827890
1600703677 95316453676
1600703678 95354080518
1600703679 95392984768
1600703680 95429675134
1600703681 95466956622
1600703682 95504997984
1600703683 95542204762
1600703684 95579830746
1600703685 95618156548
1600703686 95655216624
1600703687 95692841024
1600703688 95730465952
1600703689 95768091738
1600703690 95828173446
1600703691 95903047168
1600703692 95979219528
1600703693 96054082562
1600703694 96129370004
1600703695 96204996826
1600703696 96280363400
1600703697 96355737256
1600703698 96431192998
1600703699 96506747556
1600703700 96582566352
1600703701 96657405244
1600703702 96733360762
1600703703 96808443822
1600703704 96884114176
1600703705 96959015038
1600703706 97034700044
1600703707 97109781066
1600703708 97185363046
1600703709 97261373968
1600703710 97336905754
1600703711 97412001626
1600703712 97487257678
1600703713 97562998240
1600703714 97637922102
1600703715 97713290252
1600703716 97788996994
1600703717 97864251768
1600703718 97939706756
1600703719 98015475722
1600703720 98087924614
1600703721 98164344090
1600703722 98240977786
1600703723 98314317824
1600703724 98391569266
1600703725 98467582326
1600703726 98542271536
1600703727 98617543494
1600703728 98690552668
1600703729 98768467594
1600703730 98843222146
1600703731 98919469624
1600703732 98994513470
1600703733 99070189776
1600703734 99146155770
1600703735 99221173854
1600703736 99295692796
1600703737 99371768544
1600703738 99446017820
1600703739 99521778382
1600703740 99597725620
1600703741 99673477130
1600703742 99748734888
1600703743 99824298060
1600703744 99899772180
1600703745 99975369122
1600703746 100050323310
1600703747 100125408076
1600703748 100201013630
1600703749 100276355424
1600703750 100348493624
1600703751 100405946368
1600703752 100462425880
1600703753 100518444388
1600703754 100566127632
1600703755 100611954296
1600703756 100657684658
1600703757 100704942924
1600703758 100753930680
1600703759 100805308274
1600703760 100850176496
1600703761 100894062740
1600703762 100939012602
1600703763 100988471486
1600703764 101036902888
1600703765 101080300506
1600703766 101126301938
1600703767 101171299096
1600703768 101213860068
1600703769 101253036930
1600703770 101296893800
1600703771 101337501136
1600703772 101378418596
1600703773 101417792072
1600703774 101458812054
1600703775 101497874898
1600703776 101534602716
1600703777 101571098836
1600703778 101610871964
1600703779 101646565162
1600703780 101686388248
1600703781 101726438650
1600703782 101760232498
1600703783 101793837170
1600703784 101829473578
1600703785 101864115734
1600703786 101895843920
1600703787 101926383932
1600703788 101960827118
1600703789 101997415514
1600703790 102028966096
1600703791 102060928702
1600703792 102086971128
1600703793 102116746274
1600703794 102149697308
1600703795 102185573806
1600703796 102221089380
1600703797 102253573004
1600703798 102289041614
1600703799 102324581448
1600703800 102361854768
1600703801 102399770974
1600703802 102434735950
1600703803 102473065322
1600703804 102513938414
1600703805 102550310674
1600703806 102593808972
1600703807 102634523980
1600703808 102669935832
1600703809 102705798672
1600703810 102742428738
1600703811 102783756940
1600703812 102820434472
1600703813 102860560082
1600703814 102899750306
1600703815 102939203332
1600703816 102981749134
1600703817 103020408934
1600703818 103059279914
1600703819 103101188100
1600703820 103140947970
1600703821 103180112646
1600703822 103221744862
