1600703643 99240650750
1600703644 99240650750
1600703645 99240650750
1600703646 99240650750
1600703647 99240650750
1600703648 99240650750
1600703649 99240650750
1600703650 99240650750
1600703651 99240650750
1600703652 99240650750
1600703653 99240650750
1600703654 99240650750
1600703655 99240650750
1600703656 99240650750
1600703657 99240650750
1600703658 99240650750
1600703659 99240650750
1600703660 99263331688
1600703661 99302007428
1600703662 99340253878
1600703663 99378836436
1600703664 99418112406
1600703665 99457227892
1600703666 99496906586
1600703667 99536514122
1600703668 99575129226
1600703669 99614523984
1600703670 99653206466
1600703671 99692402194
1600703672 99732993830
1600703673 99770793650
1600703674 99811379230
1600703675 99849322118
1600703676 99888517846
1600703677 99927713574
1600703678 99966909302
1600703679 100007387388
1600703680 100045381000
1600703681 100084496486
1600703682 100124229684
1600703683 100162887942
1600703684 100202083670
1600703685 100241802546
1600703686 100280768146
1600703687 100319807932
1600703688 100359003660
1600703689 100398199388
1600703690 100460664094
1600703691 100538781016
1600703692 100618066652
1600703693 100695485526
1600703694 100774301756
1600703695 100852235324
1600703696 100930692802
1600703697 101009218344
1600703698 101087922660
1600703699 101166245326
1600703700 101245297740
1600703701 101323178318
1600703702 101402209536
1600703703 101479919032
1600703704 101558287936
1600703705 101636411516
1600703706 101715182326
1600703707 101793567884
1600703708 101872485552
1600703709 101950304874
1600703710 102028956078
1600703711 102107151568
1600703712 102186673322
1600703713 102264086074
1600703714 102342317900
1600703715 102420651164
1600703716 102499046502
1600703717 102577798448
1600703718 102656311878
1600703719 102734695922
1600703720 102828800336
1600703721 102949319384
1600703722 103067809946
1600703723 103185574444
1600703724 103302279886
1600703725 103420728866
1600703726 103537315328
1600703727 103656200012
1600703728 103772213956
1600703729 103890211516
1600703730 104010170870
1600703731 104125658522
1600703732 104244046224
1600703733 104361038856
1600703734 104478691920
1600703735 104596481188
1600703736 104714344772
1600703737 104831313820
1600703738 104949501894
1600703739 105067254826
1600703740 105184077006
1600703741 105302074434
1600703742 105420305874
1600703743 105537384098
1600703744 105655107700
1600703745 105773186942
1600703746 105890143538
1600703747 106008376680
1600703748 106125453400
1600703749 106243039792
1600703750 106362217100
1600703751 106482069680
1600703752 106601897914
1600703753 106722015142
1600703754 106841669482
1600703755 106961251760
1600703756 107081326166
1600703757 107201532524
1600703758 107320264052
1600703759 107440473380
1600703760 107560507442
1600703761 107680074736
1600703762 107800196934
1600703763 107920099872
1600703764 108039141418
1600703765 108158651790
1600703766 108278390238
1600703767 108398524454
1600703768 108517689916
1600703769 108637401922
1600703770 108757824912
1600703771 108877391910
1600703772 108997823474
1600703773 109117547194
1600703774 109237316822
1600703775 109357028374
1600703776 109477342326
1600703777 109596977062
1600703778 109717724028
1600703779 109836433536
1600703780 109957010944
1600703781 110076905304
1600703782 110196770024
1600703783 110316302250
1600703784 110436403004
1600703785 110556296116
1600703786 110676049776
1600703787 110795962032
1600703788 110916122104
1600703789 111036180882
1600703790 111156197176
1600703791 111275991066
1600703792 111396208618
1600703793 111515843134
1600703794 111636791294
1600703795 111756344954
1600703796 111876348640
1600703797 111996096276
1600703798 112116504746
1600703799 112235655856
1600703800 112355977150
1600703801 112475578060
1600703802 112596157948
1600703803 112715352012
1600703804 112835970878
1600703805 112955218060
1600703806 113075355474
1600703807 113195382366
1600703808 113315050440
1600703809 113434641300
1600703810 113554731780
1600703811 113674675574
1600703812 113794414324
1600703813 113913897764
1600703814 114034014274
1600703815 114153354314
1600703816 114273242110
1600703817 114393276298
1600703818 114512974718
1600703819 114633063248
1600703820 114752886878
1600703821 114873230594
1600703822 114992734906
